1 0.020000 305.230000
2 0.070000 267.950000
3 0.120000 259.520000
4 0.170000 264.550000
5 0.220000 290.260000
6 0.270000 311.850000
7 0.320000 318.700000
8 0.370000 324.380000
9 0.420000 333.890000
10 0.470000 338.690000
11 0.520000 343.030000
12 0.570000 336.690000
13 0.620000 335.240000
14 0.670000 338.440000
15 0.720000 340.450000
16 0.770000 339.890000
17 0.820000 330.940000
18 0.870000 334.690000
19 0.920000 341.100000
20 0.970000 329.030000
21 1.020000 329.950000
22 1.070000 323.900000
23 1.120000 328.030000
24 1.170000 325.740000
25 1.220000 326.790000
26 1.270000 317.040000
27 1.320000 330.040000
28 1.370000 315.180000
29 1.420000 323.980000
30 1.470000 329.110000
31 1.520000 330.650000
32 1.570000 308.330000
33 1.620000 311.810000
34 1.670000 322.300000
35 1.720000 308.010000
36 1.770000 328.090000
37 1.820000 308.930000
38 1.870000 307.610000
39 1.920000 312.390000
40 1.970000 319.770000
41 2.020000 310.490000
42 2.070000 303.760000
43 2.120000 292.380000
44 2.170000 297.430000
45 2.210000 291.640000
46 2.260000 331.420000
47 2.310000 312.480000
48 2.360000 303.720000
49 2.410000 290.830000
50 2.460000 317.230000
51 2.510000 290.970000
52 2.560000 291.750000
53 2.610000 319.960000
54 2.660000 287.120000
55 2.710000 290.790000
56 2.760000 277.650000
57 2.810000 322.100000
58 2.860000 286.430000
59 2.910000 280.430000
60 2.960000 289.190000
61 3.010000 269.220000
62 3.060000 283.930000
63 3.110000 274.590000
64 3.160000 266.230000
65 3.210000 295.670000
66 3.260000 279.070000
67 3.310000 284.670000
68 3.360000 272.560000
69 3.410000 272.030000
70 3.460000 272.950000
71 3.510000 264.700000
72 3.560000 275.070000
73 3.610000 257.400000
74 3.660000 263.330000
75 3.710000 261.010000
76 3.760000 252.250000
77 3.810000 257.490000
78 3.860000 258.290000
79 3.910000 256.920000
80 3.960000 254.720000
81 4.010000 249.320000
82 4.060000 253.630000
83 4.110000 243.380000
84 4.160000 248.660000
85 4.210000 244.730000
86 4.260000 242.860000
87 4.310000 246.320000
88 4.360000 241.810000
89 4.410000 234.920000
90 4.460000 234.230000
91 4.510000 235.610000
92 4.560000 206.480000
93 4.610000 157.930000
94 4.660000 133.130000
95 4.710000 123.750000
96 4.760000 117.100000
97 4.810000 106.900000
98 4.860000 101.530000
99 4.910000 95.180000
100 4.950000 90.230000
101 5.000000 86.510000
102 5.050000 82.080000
103 5.100000 78.560000
104 5.150000 73.680000
105 5.200000 70.520000
106 5.250000 66.300000
107 5.300000 63.710000
108 5.350000 60.000000
109 5.400000 56.900000
110 5.450000 54.260000
111 5.500000 50.920000
112 5.550000 48.580000
113 5.600000 45.520000
114 5.650000 42.850000
115 5.700000 40.760000
116 5.750000 38.160000
117 5.800000 36.190000
118 5.850000 33.860000
119 5.900000 31.660000
120 5.950000 29.820000
121 6.000000 27.910000
122 6.050000 26.390000
123 6.100000 24.870000
124 6.150000 23.390000
125 6.200000 21.610000
126 6.250000 20.810000
127 6.300000 18.380000
128 6.350000 18.520000
129 6.400000 16.110000
130 6.450000 15.780000
131 6.500000 14.040000
132 6.550000 14.150000
