16.110000	332.690433	0.000000	1025.167735
16.120000	332.898184	0.000000	1025.165006
16.130000	333.105749	0.000000	1025.161294
16.140000	333.313128	0.000000	1025.156601
16.150000	333.520322	0.000000	1025.150926
16.160000	333.727331	0.000000	1025.144271
16.170000	333.934154	0.000000	1025.136636
16.180000	334.140793	0.000000	1025.128022
16.190000	334.347246	0.000000	1025.118429
16.200000	334.553514	0.000000	1025.107858
16.210000	334.759598	0.000000	1025.096309
16.220000	334.965497	0.000000	1025.083783
16.230000	335.171211	0.000000	1025.070280
16.240000	335.376741	0.000000	1025.055802
16.250000	335.582086	0.000000	1025.040348
16.260000	335.787247	0.000000	1025.023920
16.270000	335.992224	0.000000	1025.006517
16.280000	336.197017	0.000000	1024.988141
16.290000	336.401626	0.000000	1024.968791
16.300000	336.606051	0.000000	1024.948469
16.310000	336.810292	0.000000	1024.927176
16.320000	337.014350	0.000000	1024.904911
16.330000	337.218224	0.000000	1024.881675
16.340000	337.421914	0.000000	1024.857469
16.350000	337.625421	0.000000	1024.832294
16.360000	337.828745	0.000000	1024.806149
16.370000	338.031886	0.000000	1024.779036
16.380000	338.234843	0.000000	1024.750955
16.390000	338.437618	0.000000	1024.721907
16.400000	338.640209	0.000000	1024.691892
16.410000	338.842618	0.000000	1024.660911
16.420000	339.044845	0.000000	1024.628964
16.430000	339.246888	0.000000	1024.596053
16.440000	339.448749	0.000000	1024.562177
16.450000	339.650428	0.000000	1024.527336
16.460000	339.851925	0.000000	1024.491533
16.470000	340.053239	0.000000	1024.454767
16.480000	340.254371	0.000000	1024.417038
16.490000	340.455321	0.000000	1024.378348
16.500000	340.656089	0.000000	1024.338697
16.510000	340.856676	0.000000	1024.298086
16.520000	341.057081	0.000000	1024.256514
16.530000	341.257304	0.000000	1024.213983
16.540000	341.457345	0.000000	1024.170494
16.550000	341.657205	0.000000	1024.126046
16.560000	341.856884	0.000000	1024.080640
16.570000	342.056382	0.000000	1024.034277
16.580000	342.255698	0.000000	1023.986958
16.590000	342.454834	0.000000	1023.938682
16.600000	342.653788	0.000000	1023.889452
16.610000	342.852562	0.000000	1023.839266
16.620000	343.051154	0.000000	1023.788126
16.630000	343.249566	0.000000	1023.736032
16.640000	343.447798	0.000000	1023.682985
16.650000	343.645849	0.000000	1023.628985
16.660000	343.843719	0.000000	1023.574034
16.670000	344.041410	0.000000	1023.518130
16.680000	344.238920	0.000000	1023.461276
16.690000	344.436250	0.000000	1023.403472
16.700000	344.633399	0.000000	1023.344717
16.710000	344.830369	0.000000	1023.285013
16.720000	345.027159	0.000000	1023.224361
16.730000	345.223770	0.000000	1023.162760
16.740000	345.420200	0.000000	1023.100211
16.750000	345.616451	0.000000	1023.036716
16.760000	345.812522	0.000000	1022.972274
16.770000	346.008414	0.000000	1022.906885
16.780000	346.204127	0.000000	1022.840552
16.790000	346.399660	0.000000	1022.773273
16.800000	346.595015	0.000000	1022.705051
16.810000	346.790190	0.000000	1022.635884
16.820000	346.985186	0.000000	1022.565774
16.830000	347.180003	0.000000	1022.494721
16.840000	347.374642	0.000000	1022.422727
16.850000	347.569101	0.000000	1022.349790
16.860000	347.763382	0.000000	1022.275913
16.870000	347.957485	0.000000	1022.201095
16.880000	348.151409	0.000000	1022.125337
16.890000	348.345155	0.000000	1022.048640
16.900000	348.538722	0.000000	1021.971004
16.910000	348.732111	0.000000	1021.892430
16.920000	348.925322	0.000000	1021.812917
16.930000	349.118355	0.000000	1021.732468
16.940000	349.311210	0.000000	1021.651082
16.950000	349.503887	0.000000	1021.568759
16.960000	349.696386	0.000000	1021.485502
16.970000	349.888707	0.000000	1021.401309
16.980000	350.080851	0.000000	1021.316181
16.990000	350.272817	0.000000	1021.230120
17.000000	350.464606	0.000000	1021.143125
17.010000	350.656217	0.000000	1021.055197
17.020000	350.847651	0.000000	1020.966337
17.030000	351.038908	0.000000	1020.876545
17.040000	351.229987	0.000000	1020.785822
17.050000	351.420890	0.000000	1020.694168
17.060000	351.611615	0.000000	1020.601584
17.070000	351.802164	0.000000	1020.508070
17.080000	351.992535	0.000000	1020.413628
17.090000	352.182730	0.000000	1020.318256
17.100000	352.372748	0.000000	1020.221957
17.110000	352.562590	0.000000	1020.124730
17.120000	352.752255	0.000000	1020.026576
17.130000	352.941743	0.000000	1019.927496
17.140000	353.131055	0.000000	1019.827490
17.150000	353.320191	0.000000	1019.726558
17.160000	353.509151	0.000000	1019.624702
17.170000	353.697934	0.000000	1019.521922
17.180000	353.886541	0.000000	1019.418218
17.190000	354.074973	0.000000	1019.313591
17.200000	354.263228	0.000000	1019.208041
17.210000	354.451308	0.000000	1019.101569
17.220000	354.639211	0.000000	1018.994175
17.230000	354.826939	0.000000	1018.885861
17.240000	355.014492	0.000000	1018.776626
17.250000	355.201868	0.000000	1018.666471
17.260000	355.389070	0.000000	1018.555396
17.270000	355.576096	0.000000	1018.443403
17.280000	355.762946	0.000000	1018.330492
17.290000	355.949621	0.000000	1018.216662
17.300000	356.136122	0.000000	1018.101916
17.310000	356.322447	0.000000	1017.986253
17.320000	356.508596	0.000000	1017.869673
17.330000	356.694571	0.000000	1017.752178
17.340000	356.880371	0.000000	1017.633768
17.350000	357.065997	0.000000	1017.514443
17.360000	357.251447	0.000000	1017.394205
17.370000	357.436723	0.000000	1017.273053
17.380000	357.621824	0.000000	1017.150988
17.390000	357.806751	0.000000	1017.028010
17.400000	357.991503	0.000000	1016.904121
17.410000	358.176080	0.000000	1016.779321
17.420000	358.360484	0.000000	1016.653609
17.430000	358.544713	0.000000	1016.526988
17.440000	358.728768	0.000000	1016.399457
17.450000	358.912649	0.000000	1016.271016
17.460000	359.096356	0.000000	1016.141667
17.470000	359.279889	0.000000	1016.011410
17.480000	359.463248	0.000000	1015.880246
17.490000	359.646433	0.000000	1015.748174
17.500000	359.829444	0.000000	1015.615196
17.510000	360.012282	0.000000	1015.481312
17.520000	360.194946	0.000000	1015.346523
17.530000	360.377437	0.000000	1015.210829
17.540000	360.559754	0.000000	1015.074231
17.550000	360.741897	0.000000	1014.936729
17.560000	360.923868	0.000000	1014.798323
17.570000	361.105665	0.000000	1014.659015
17.580000	361.287289	0.000000	1014.518805
17.590000	361.468740	0.000000	1014.377694
17.600000	361.650017	0.000000	1014.235681
17.610000	361.831122	0.000000	1014.092768
17.620000	362.012054	0.000000	1013.948955
17.630000	362.192813	0.000000	1013.804243
17.640000	362.373400	0.000000	1013.658631
17.650000	362.553813	0.000000	1013.512122
17.660000	362.734054	0.000000	1013.364714
17.670000	362.914123	0.000000	1013.216410
17.680000	363.094019	0.000000	1013.067208
17.690000	363.273742	0.000000	1012.917111
17.700000	363.453293	0.000000	1012.766118
17.710000	363.632672	0.000000	1012.614230
17.720000	363.811879	0.000000	1012.461447
17.730000	363.990913	0.000000	1012.307770
17.740000	364.169776	0.000000	1012.153200
17.750000	364.348466	0.000000	1011.997737
17.760000	364.526985	0.000000	1011.841382
17.770000	364.705332	0.000000	1011.684135
17.780000	364.883507	0.000000	1011.525996
17.790000	365.061510	0.000000	1011.366967
17.800000	365.239341	0.000000	1011.207048
17.810000	365.417001	0.000000	1011.046239
17.820000	365.594490	0.000000	1010.884540
17.830000	365.771807	0.000000	1010.721954
17.840000	365.948952	0.000000	1010.558479
17.850000	366.125927	0.000000	1010.394117
17.860000	366.302730	0.000000	1010.228868
17.870000	366.479362	0.000000	1010.062732
17.880000	366.655822	0.000000	1009.895711
17.890000	366.832112	0.000000	1009.727804
17.900000	367.008231	0.000000	1009.559013
17.910000	367.184179	0.000000	1009.389337
17.920000	367.359956	0.000000	1009.218777
17.930000	367.535562	0.000000	1009.047335
17.940000	367.710997	0.000000	1008.875010
17.950000	367.886262	0.000000	1008.701802
17.960000	368.061356	0.000000	1008.527714
17.970000	368.236280	0.000000	1008.352744
17.980000	368.411033	0.000000	1008.176893
17.990000	368.585616	0.000000	1008.000163
18.000000	368.760029	0.000000	1007.822554
18.010000	368.934271	0.000000	1007.644065
18.020000	369.108344	0.000000	1007.464698
18.030000	369.282246	0.000000	1007.284454
18.040000	369.455978	0.000000	1007.103332
18.050000	369.629540	0.000000	1006.921333
18.060000	369.802932	0.000000	1006.738459
18.070000	369.976154	0.000000	1006.554708
18.080000	370.149206	0.000000	1006.370083
18.090000	370.322089	0.000000	1006.184583
18.100000	370.494802	0.000000	1005.998209
18.110000	370.667345	0.000000	1005.810962
18.120000	370.839719	0.000000	1005.622841
18.130000	371.011924	0.000000	1005.433848
18.140000	371.183958	0.000000	1005.243984
18.150000	371.355824	0.000000	1005.053248
18.160000	371.527520	0.000000	1004.861641
18.170000	371.699047	0.000000	1004.669164
18.180000	371.870405	0.000000	1004.475817
18.190000	372.041594	0.000000	1004.281601
18.200000	372.212613	0.000000	1004.086516
18.210000	372.383464	0.000000	1003.890563
18.220000	372.554145	0.000000	1003.693742
18.230000	372.724658	0.000000	1003.496055
18.240000	372.895002	0.000000	1003.297500
18.250000	373.065177	0.000000	1003.098080
18.260000	373.235184	0.000000	1002.897794
18.270000	373.405022	0.000000	1002.696644
18.280000	373.574691	0.000000	1002.494628
18.290000	373.744191	0.000000	1002.291749
18.300000	373.913524	0.000000	1002.088007
18.310000	374.082687	0.000000	1001.883402
18.320000	374.251683	0.000000	1001.677934
18.330000	374.420510	0.000000	1001.471605
18.340000	374.589169	0.000000	1001.264414
18.350000	374.757659	0.000000	1001.056362
18.360000	374.925982	0.000000	1000.847451
18.370000	375.094136	0.000000	1000.637680
18.380000	375.262123	0.000000	1000.427049
18.390000	375.429941	0.000000	1000.215560
18.400000	375.597591	0.000000	1000.003213
18.410000	375.765074	0.000000	999.790008
18.420000	375.932389	0.000000	999.575946
18.430000	376.099536	0.000000	999.361028
18.440000	376.266515	0.000000	999.145254
18.450000	376.433327	0.000000	998.928624
18.460000	376.599971	0.000000	998.711139
18.470000	376.766447	0.000000	998.492800
18.480000	376.932756	0.000000	998.273607
18.490000	377.098898	0.000000	998.053561
18.500000	377.264872	0.000000	997.832662
18.510000	377.430679	0.000000	997.610910
18.520000	377.596318	0.000000	997.388307
18.530000	377.761791	0.000000	997.164852
18.540000	377.927096	0.000000	996.940547
18.550000	378.092234	0.000000	996.715392
18.560000	378.257205	0.000000	996.489386
18.570000	378.422008	0.000000	996.262532
18.580000	378.586645	0.000000	996.034829
18.590000	378.751115	0.000000	995.806278
18.600000	378.915418	0.000000	995.576879
18.610000	379.079555	0.000000	995.346634
18.620000	379.243524	0.000000	995.115541
18.630000	379.407327	0.000000	994.883603
18.640000	379.570963	0.000000	994.650819
18.650000	379.734432	0.000000	994.417190
18.660000	379.897735	0.000000	994.182717
18.670000	380.060871	0.000000	993.947400
18.680000	380.223841	0.000000	993.711240
18.690000	380.386644	0.000000	993.474236
18.700000	380.549282	0.000000	993.236391
18.710000	380.711752	0.000000	992.997703
18.720000	380.874057	0.000000	992.758174
18.730000	381.036195	0.000000	992.517805
18.740000	381.198167	0.000000	992.276595
18.750000	381.359973	0.000000	992.034545
18.760000	381.521612	0.000000	991.791657
18.770000	381.683086	0.000000	991.547929
18.780000	381.844394	0.000000	991.303364
18.790000	382.005536	0.000000	991.057961
18.800000	382.166512	0.000000	990.811721
18.810000	382.327322	0.000000	990.564644
18.820000	382.487966	0.000000	990.316731
18.830000	382.648445	0.000000	990.067983
18.840000	382.808758	0.000000	989.818400
18.850000	382.968905	0.000000	989.567982
18.860000	383.128887	0.000000	989.316730
18.870000	383.288703	0.000000	989.064645
18.880000	383.448354	0.000000	988.811727
18.890000	383.607840	0.000000	988.557977
18.900000	383.767160	0.000000	988.303395
18.910000	383.926314	0.000000	988.047982
18.920000	384.085304	0.000000	987.791738
18.930000	384.244128	0.000000	987.534664
18.940000	384.402787	0.000000	987.276760
18.950000	384.561281	0.000000	987.018027
18.960000	384.719610	0.000000	986.758465
18.970000	384.877774	0.000000	986.498075
18.980000	385.035773	0.000000	986.236858
18.990000	385.193607	0.000000	985.974813
19.000000	385.351276	0.000000	985.711943
19.010000	385.508781	0.000000	985.448246
19.020000	385.666120	0.000000	985.183723
19.030000	385.823295	0.000000	984.918376
19.040000	385.980306	0.000000	984.652205
19.050000	386.137152	0.000000	984.385209
19.060000	386.293833	0.000000	984.117390
19.070000	386.450350	0.000000	983.848749
19.080000	386.606702	0.000000	983.579285
19.090000	386.762890	0.000000	983.308999
19.100000	386.918914	0.000000	983.037893
19.110000	387.074774	0.000000	982.765965
19.120000	387.230469	0.000000	982.493218
19.130000	387.386001	0.000000	982.219651
19.140000	387.541368	0.000000	981.945265
19.150000	387.696571	0.000000	981.670060
19.160000	387.851610	0.000000	981.394038
19.170000	388.006486	0.000000	981.117198
19.180000	388.161197	0.000000	980.839541
19.190000	388.315745	0.000000	980.561068
19.200000	388.470129	0.000000	980.281778
19.210000	388.624350	0.000000	980.001674
19.220000	388.778406	0.000000	979.720755
19.230000	388.932300	0.000000	979.439021
19.240000	389.086029	0.000000	979.156474
19.250000	389.239596	0.000000	978.873114
19.260000	389.392998	0.000000	978.588941
19.270000	389.546238	0.000000	978.303956
19.280000	389.699314	0.000000	978.018159
19.290000	389.852227	0.000000	977.731552
19.300000	390.004977	0.000000	977.444134
19.310000	390.157564	0.000000	977.155906
19.320000	390.309988	0.000000	976.866868
19.330000	390.462249	0.000000	976.577022
19.340000	390.614347	0.000000	976.286367
19.350000	390.766282	0.000000	975.994904
19.360000	390.918054	0.000000	975.702635
19.370000	391.069663	0.000000	975.409558
19.380000	391.221110	0.000000	975.115675
19.390000	391.372394	0.000000	974.820987
19.400000	391.523516	0.000000	974.525493
19.410000	391.674475	0.000000	974.229195
19.420000	391.825271	0.000000	973.932093
19.430000	391.975905	0.000000	973.634187
19.440000	392.126377	0.000000	973.335478
19.450000	392.276687	0.000000	973.035967
19.460000	392.426834	0.000000	972.735653
19.470000	392.576819	0.000000	972.434539
19.480000	392.726642	0.000000	972.132623
19.490000	392.876303	0.000000	971.829907
19.500000	393.025802	0.000000	971.526391
19.510000	393.175139	0.000000	971.222076
19.520000	393.324314	0.000000	970.916962
19.530000	393.473327	0.000000	970.611050
19.540000	393.622178	0.000000	970.304341
19.550000	393.770868	0.000000	969.996834
19.560000	393.919396	0.000000	969.688530
19.570000	394.067762	0.000000	969.379431
19.580000	394.215967	0.000000	969.069536
19.590000	394.364010	0.000000	968.758845
19.600000	394.511892	0.000000	968.447361
19.610000	394.659612	0.000000	968.135082
19.620000	394.807171	0.000000	967.822010
19.630000	394.954568	0.000000	967.508145
19.640000	395.101805	0.000000	967.193487
19.650000	395.248880	0.000000	966.878038
19.660000	395.395793	0.000000	966.561797
19.670000	395.542546	0.000000	966.244766
19.680000	395.689138	0.000000	965.926944
19.690000	395.835569	0.000000	965.608333
19.700000	395.981838	0.000000	965.288932
19.710000	396.127947	0.000000	964.968743
19.720000	396.273895	0.000000	964.647765
19.730000	396.419682	0.000000	964.326000
19.740000	396.565309	0.000000	964.003447
19.750000	396.710774	0.000000	963.680108
19.760000	396.856079	0.000000	963.355983
19.770000	397.001223	0.000000	963.031073
19.780000	397.146207	0.000000	962.705377
19.790000	397.291030	0.000000	962.378897
19.800000	397.435693	0.000000	962.051633
19.810000	397.580195	0.000000	961.723585
19.820000	397.724537	0.000000	961.394755
19.830000	397.868719	0.000000	961.065142
19.840000	398.012740	0.000000	960.734747
19.850000	398.156601	0.000000	960.403571
19.860000	398.300301	0.000000	960.071614
19.870000	398.443842	0.000000	959.738877
19.880000	398.587222	0.000000	959.405359
19.890000	398.730442	0.000000	959.071063
19.900000	398.873503	0.000000	958.735988
19.910000	399.016403	0.000000	958.400134
19.920000	399.159143	0.000000	958.063503
19.930000	399.301723	0.000000	957.726095
19.940000	399.444144	0.000000	957.387910
19.950000	399.586404	0.000000	957.048949
19.960000	399.728505	0.000000	956.709212
19.970000	399.870446	0.000000	956.368700
19.980000	400.012227	0.000000	956.027414
19.990000	400.153849	0.000000	955.685353
20.000000	400.295311	0.000000	955.342519
20.010000	400.436613	0.000000	954.998912
20.020000	400.577756	0.000000	954.654532
20.030000	400.718739	0.000000	954.309380
20.040000	400.859563	0.000000	953.963457
20.050000	401.000227	0.000000	953.616763
20.060000	401.140732	0.000000	953.269298
20.070000	401.281078	0.000000	952.921064
20.080000	401.421264	0.000000	952.572060
20.090000	401.561291	0.000000	952.222287
20.100000	401.701159	0.000000	951.871745
20.110000	401.840867	0.000000	951.520436
20.120000	401.980416	0.000000	951.168360
20.130000	402.119807	0.000000	950.815517
20.140000	402.259038	0.000000	950.461907
20.150000	402.398110	0.000000	950.107532
20.160000	402.537023	0.000000	949.752391
20.170000	402.675777	0.000000	949.396486
20.180000	402.814372	0.000000	949.039816
20.190000	402.952808	0.000000	948.682383
20.200000	403.091085	0.000000	948.324186
20.210000	403.229204	0.000000	947.965227
20.220000	403.367163	0.000000	947.605505
20.230000	403.504964	0.000000	947.245022
20.240000	403.642606	0.000000	946.883778
20.250000	403.780090	0.000000	946.521773
20.260000	403.917415	0.000000	946.159009
20.270000	404.054581	0.000000	945.795484
20.280000	404.191589	0.000000	945.431201
20.290000	404.328438	0.000000	945.066159
20.300000	404.465129	0.000000	944.700359
20.310000	404.601661	0.000000	944.333801
20.320000	404.738035	0.000000	943.966487
20.330000	404.874251	0.000000	943.598416
20.340000	405.010308	0.000000	943.229589
20.350000	405.146207	0.000000	942.860007
20.360000	405.281948	0.000000	942.489670
20.370000	405.417531	0.000000	942.118578
20.380000	405.552955	0.000000	941.746733
20.390000	405.688222	0.000000	941.374134
20.400000	405.823330	0.000000	941.000783
20.410000	405.958281	0.000000	940.626679
20.420000	406.093073	0.000000	940.251823
20.430000	406.227708	0.000000	939.876217
20.440000	406.362185	0.000000	939.499859
20.450000	406.496504	0.000000	939.122752
20.460000	406.630665	0.000000	938.744894
20.470000	406.764668	0.000000	938.366288
20.480000	406.898514	0.000000	937.986933
20.490000	407.032202	0.000000	937.606830
20.500000	407.165733	0.000000	937.225979
20.510000	407.299106	0.000000	936.844382
20.520000	407.432322	0.000000	936.462037
20.530000	407.565380	0.000000	936.078947
20.540000	407.698281	0.000000	935.695111
20.550000	407.831024	0.000000	935.310531
20.560000	407.963611	0.000000	934.925206
20.570000	408.096040	0.000000	934.539137
20.580000	408.228312	0.000000	934.152325
20.590000	408.360427	0.000000	933.764770
20.600000	408.492384	0.000000	933.376472
20.610000	408.624185	0.000000	932.987433
20.620000	408.755829	0.000000	932.597653
20.630000	408.887316	0.000000	932.207132
20.640000	409.018646	0.000000	931.815870
20.650000	409.149820	0.000000	931.423869
20.660000	409.280837	0.000000	931.031129
20.670000	409.411697	0.000000	930.637650
20.680000	409.542400	0.000000	930.243434
20.690000	409.672947	0.000000	929.848479
20.700000	409.803337	0.000000	929.452788
20.710000	409.933572	0.000000	929.056360
20.720000	410.063649	0.000000	928.659196
20.730000	410.193571	0.000000	928.261297
20.740000	410.323336	0.000000	927.862663
20.750000	410.452945	0.000000	927.463295
20.760000	410.582397	0.000000	927.063192
20.770000	410.711694	0.000000	926.662357
20.780000	410.840835	0.000000	926.260788
20.790000	410.969820	0.000000	925.858488
20.800000	411.098649	0.000000	925.455455
20.810000	411.227322	0.000000	925.051692
20.820000	411.355839	0.000000	924.647197
20.830000	411.484201	0.000000	924.241973
20.840000	411.612407	0.000000	923.836019
20.850000	411.740457	0.000000	923.429336
20.860000	411.868352	0.000000	923.021924
20.870000	411.996091	0.000000	922.613785
20.880000	412.123675	0.000000	922.204918
20.890000	412.251104	0.000000	921.795324
20.900000	412.378377	0.000000	921.385003
20.910000	412.505496	0.000000	920.973957
20.920000	412.632459	0.000000	920.562185
20.930000	412.759267	0.000000	920.149688
20.940000	412.885919	0.000000	919.736467
20.950000	413.012417	0.000000	919.322523
20.960000	413.138760	0.000000	918.907855
20.970000	413.264948	0.000000	918.492464
20.980000	413.390982	0.000000	918.076351
20.990000	413.516860	0.000000	917.659516
21.000000	413.642584	0.000000	917.241961
21.010000	413.768154	0.000000	916.823684
21.020000	413.893568	0.000000	916.404688
21.030000	414.018828	0.000000	915.984971
21.040000	414.143934	0.000000	915.564536
21.050000	414.268886	0.000000	915.143383
21.060000	414.393683	0.000000	914.721511
21.070000	414.518325	0.000000	914.298922
21.080000	414.642814	0.000000	913.875616
21.090000	414.767148	0.000000	913.451593
21.100000	414.891328	0.000000	913.026855
21.110000	415.015354	0.000000	912.601401
21.120000	415.139227	0.000000	912.175232
21.130000	415.262945	0.000000	911.748349
21.140000	415.386509	0.000000	911.320752
21.150000	415.509919	0.000000	910.892442
21.160000	415.633176	0.000000	910.463419
21.170000	415.756279	0.000000	910.033684
21.180000	415.879228	0.000000	909.603237
21.190000	416.002024	0.000000	909.172079
21.200000	416.124666	0.000000	908.740210
21.210000	416.247154	0.000000	908.307631
21.220000	416.369489	0.000000	907.874342
21.230000	416.491671	0.000000	907.440344
21.240000	416.613699	0.000000	907.005638
21.250000	416.735573	0.000000	906.570223
21.260000	416.857295	0.000000	906.134101
21.270000	416.978863	0.000000	905.697272
21.280000	417.100278	0.000000	905.259736
21.290000	417.221540	0.000000	904.821495
21.300000	417.342648	0.000000	904.382547
21.310000	417.463604	0.000000	903.942895
21.320000	417.584407	0.000000	903.502538
21.330000	417.705056	0.000000	903.061478
21.340000	417.825553	0.000000	902.619713
21.350000	417.945897	0.000000	902.177246
21.360000	418.066088	0.000000	901.734077
21.370000	418.186126	0.000000	901.290205
21.380000	418.306011	0.000000	900.845632
21.390000	418.425744	0.000000	900.400358
21.400000	418.545323	0.000000	899.954384
21.410000	418.664751	0.000000	899.507710
21.420000	418.784025	0.000000	899.060337
21.430000	418.903147	0.000000	898.612264
21.440000	419.022117	0.000000	898.163494
21.450000	419.140933	0.000000	897.714025
21.460000	419.259598	0.000000	897.263860
21.470000	419.378110	0.000000	896.812997
21.480000	419.496470	0.000000	896.361438
21.490000	419.614677	0.000000	895.909184
21.500000	419.732732	0.000000	895.456234
21.510000	419.850634	0.000000	895.002589
21.520000	419.968385	0.000000	894.548250
21.530000	420.085983	0.000000	894.093217
21.540000	420.203429	0.000000	893.637492
21.550000	420.320723	0.000000	893.181073
21.560000	420.437864	0.000000	892.723962
21.570000	420.554854	0.000000	892.266159
21.580000	420.671691	0.000000	891.807666
21.590000	420.788377	0.000000	891.348481
21.600000	420.904910	0.000000	890.888606
21.610000	421.021292	0.000000	890.428042
21.620000	421.137521	0.000000	889.966788
21.630000	421.253599	0.000000	889.504846
21.640000	421.369525	0.000000	889.042216
21.650000	421.485299	0.000000	888.578898
21.660000	421.600921	0.000000	888.114892
21.670000	421.716391	0.000000	887.650201
21.680000	421.831710	0.000000	887.184823
21.690000	421.946877	0.000000	886.718759
21.700000	422.061892	0.000000	886.252010
21.710000	422.176756	0.000000	885.784577
21.720000	422.291468	0.000000	885.316459
21.730000	422.406028	0.000000	884.847658
21.740000	422.520437	0.000000	884.378174
21.750000	422.634694	0.000000	883.908007
21.760000	422.748800	0.000000	883.437158
21.770000	422.862755	0.000000	882.965627
21.780000	422.976558	0.000000	882.493416
21.790000	423.090210	0.000000	882.020524
21.800000	423.203710	0.000000	881.546951
21.810000	423.317059	0.000000	881.072700
21.820000	423.430257	0.000000	880.597769
21.830000	423.543303	0.000000	880.122159
21.840000	423.656199	0.000000	879.645872
21.850000	423.768943	0.000000	879.168907
21.860000	423.881536	0.000000	878.691265
21.870000	423.993978	0.000000	878.212947
21.880000	424.106269	0.000000	877.733952
21.890000	424.218409	0.000000	877.254282
21.900000	424.330398	0.000000	876.773937
21.910000	424.442236	0.000000	876.292918
21.920000	424.553923	0.000000	875.811225
21.930000	424.665459	0.000000	875.328858
21.940000	424.776845	0.000000	874.845818
21.950000	424.888079	0.000000	874.362106
21.960000	424.999164	0.000000	873.877722
21.970000	425.110097	0.000000	873.392666
21.980000	425.220880	0.000000	872.906940
21.990000	425.331512	0.000000	872.420543
22.000000	425.441994	0.000000	871.933477
22.010000	425.552325	0.000000	871.445741
22.020000	425.662506	0.000000	870.957336
22.030000	425.772536	0.000000	870.468263
22.040000	425.882417	0.000000	869.978522
22.050000	425.992147	0.000000	869.488113
22.060000	426.101726	0.000000	868.997038
22.070000	426.211156	0.000000	868.505297
22.080000	426.320435	0.000000	868.012890
22.090000	426.429565	0.000000	867.519817
22.100000	426.538544	0.000000	867.026080
22.110000	426.647374	0.000000	866.531679
22.120000	426.756053	0.000000	866.036614
22.130000	426.864583	0.000000	865.540885
22.140000	426.972963	0.000000	865.044494
22.150000	427.081193	0.000000	864.547441
22.160000	427.189274	0.000000	864.049727
22.170000	427.297205	0.000000	863.551351
22.180000	427.404987	0.000000	863.052314
22.190000	427.512619	0.000000	862.552618
22.200000	427.620102	0.000000	862.052261
22.210000	427.727436	0.000000	861.551246
22.220000	427.834620	0.000000	861.049573
22.230000	427.941655	0.000000	860.547241
22.240000	428.048541	0.000000	860.044251
22.250000	428.155278	0.000000	859.540605
22.260000	428.261866	0.000000	859.036303
22.270000	428.368305	0.000000	858.531344
22.280000	428.474595	0.000000	858.025730
22.290000	428.580736	0.000000	857.519461
22.300000	428.686729	0.000000	857.012537
22.310000	428.792573	0.000000	856.504960
22.320000	428.898269	0.000000	855.996729
22.330000	429.003816	0.000000	855.487846
22.340000	429.109214	0.000000	854.978310
22.350000	429.214464	0.000000	854.468122
22.360000	429.319566	0.000000	853.957283
22.370000	429.424520	0.000000	853.445793
22.380000	429.529325	0.000000	852.933653
22.390000	429.633983	0.000000	852.420864
22.400000	429.738492	0.000000	851.907425
22.410000	429.842854	0.000000	851.393337
22.420000	429.947067	0.000000	850.878601
22.430000	430.051133	0.000000	850.363218
22.440000	430.155051	0.000000	849.847187
22.450000	430.258821	0.000000	849.330510
22.460000	430.362444	0.000000	848.813186
22.470000	430.465919	0.000000	848.295217
22.480000	430.569247	0.000000	847.776603
22.490000	430.672428	0.000000	847.257344
22.500000	430.775461	0.000000	846.737441
22.510000	430.878347	0.000000	846.216895
22.520000	430.981085	0.000000	845.695706
22.530000	431.083677	0.000000	845.173874
22.540000	431.186121	0.000000	844.651400
22.550000	431.288419	0.000000	844.128284
22.560000	431.390570	0.000000	843.604528
22.570000	431.492573	0.000000	843.080131
22.580000	431.594430	0.000000	842.555094
22.590000	431.696141	0.000000	842.029418
22.600000	431.797704	0.000000	841.503103
22.610000	431.899122	0.000000	840.976149
22.620000	432.000392	0.000000	840.448558
22.630000	432.101516	0.000000	839.920329
22.640000	432.202494	0.000000	839.391463
22.650000	432.303325	0.000000	838.861961
22.660000	432.404010	0.000000	838.331823
22.670000	432.504549	0.000000	837.801049
22.680000	432.604942	0.000000	837.269641
22.690000	432.705189	0.000000	836.737598
22.700000	432.805289	0.000000	836.204922
22.710000	432.905244	0.000000	835.671612
22.720000	433.005052	0.000000	835.137669
22.730000	433.104715	0.000000	834.603094
22.740000	433.204232	0.000000	834.067887
22.750000	433.303603	0.000000	833.532049
22.760000	433.402829	0.000000	832.995580
22.770000	433.501909	0.000000	832.458481
22.780000	433.600843	0.000000	831.920752
22.790000	433.699632	0.000000	831.382393
22.800000	433.798275	0.000000	830.843406
22.810000	433.896772	0.000000	830.303791
22.820000	433.995125	0.000000	829.763547
22.830000	434.093332	0.000000	829.222677
22.840000	434.191393	0.000000	828.681179
22.850000	434.289310	0.000000	828.139056
22.860000	434.387081	0.000000	827.596306
22.870000	434.484707	0.000000	827.052932
22.880000	434.582187	0.000000	826.508932
22.890000	434.679523	0.000000	825.964308
22.900000	434.776714	0.000000	825.419061
22.910000	434.873759	0.000000	824.873190
22.920000	434.970660	0.000000	824.326696
22.930000	435.067416	0.000000	823.779580
22.940000	435.164027	0.000000	823.231842
22.950000	435.260493	0.000000	822.683483
22.960000	435.356814	0.000000	822.134503
22.970000	435.452990	0.000000	821.584902
22.980000	435.549022	0.000000	821.034682
22.990000	435.644909	0.000000	820.483843
23.000000	435.740651	0.000000	819.932384
23.010000	435.836249	0.000000	819.380308
23.020000	435.931702	0.000000	818.827613
23.030000	436.027010	0.000000	818.274301
23.040000	436.122174	0.000000	817.720372
23.050000	436.217193	0.000000	817.165827
23.060000	436.312068	0.000000	816.610666
23.070000	436.406798	0.000000	816.054889
23.080000	436.501384	0.000000	815.498498
23.090000	436.595826	0.000000	814.941492
23.100000	436.690123	0.000000	814.383872
23.110000	436.784276	0.000000	813.825639
23.120000	436.878284	0.000000	813.266793
23.130000	436.972149	0.000000	812.707334
23.140000	437.065869	0.000000	812.147264
23.150000	437.159444	0.000000	811.586582
23.160000	437.252876	0.000000	811.025289
23.170000	437.346163	0.000000	810.463385
23.180000	437.439306	0.000000	809.900871
23.190000	437.532305	0.000000	809.337748
23.200000	437.625160	0.000000	808.774016
23.210000	437.717871	0.000000	808.209675
23.220000	437.810438	0.000000	807.644726
23.230000	437.902861	0.000000	807.079170
23.240000	437.995140	0.000000	806.513007
23.250000	438.087275	0.000000	805.946237
23.260000	438.179265	0.000000	805.378860
23.270000	438.271112	0.000000	804.810879
23.280000	438.362815	0.000000	804.242292
23.290000	438.454375	0.000000	803.673100
23.300000	438.545790	0.000000	803.103304
23.310000	438.637062	0.000000	802.532905
23.320000	438.728189	0.000000	801.961902
23.330000	438.819173	0.000000	801.390297
23.340000	438.910014	0.000000	800.818089
23.350000	439.000710	0.000000	800.245280
23.360000	439.091263	0.000000	799.671870
23.370000	439.181673	0.000000	799.097858
23.380000	439.271938	0.000000	798.523247
23.390000	439.362060	0.000000	797.948035
23.400000	439.452039	0.000000	797.372225
23.410000	439.541874	0.000000	796.795815
23.420000	439.631566	0.000000	796.218808
23.430000	439.721114	0.000000	795.641202
23.440000	439.810519	0.000000	795.062999
23.450000	439.899780	0.000000	794.484200
23.460000	439.988899	0.000000	793.904804
23.470000	440.077874	0.000000	793.324812
23.480000	440.166705	0.000000	792.744225
23.490000	440.255394	0.000000	792.163043
23.500000	440.343939	0.000000	791.581266
23.510000	440.432342	0.000000	790.998896
23.520000	440.520601	0.000000	790.415932
23.530000	440.608717	0.000000	789.832375
23.540000	440.696690	0.000000	789.248226
23.550000	440.784521	0.000000	788.663485
23.560000	440.872208	0.000000	788.078153
23.570000	440.959753	0.000000	787.492229
23.580000	441.047155	0.000000	786.905715
23.590000	441.134414	0.000000	786.318612
23.600000	441.221531	0.000000	785.730918
23.610000	441.308505	0.000000	785.142636
23.620000	441.395337	0.000000	784.553765
23.630000	441.482026	0.000000	783.964307
23.640000	441.568572	0.000000	783.374261
23.650000	441.654977	0.000000	782.783628
23.660000	441.741239	0.000000	782.192408
23.670000	441.827359	0.000000	781.600602
23.680000	441.913337	0.000000	781.008211
23.690000	441.999172	0.000000	780.415235
23.700000	442.084866	0.000000	779.821675
23.710000	442.170418	0.000000	779.227530
23.720000	442.255828	0.000000	778.632802
23.730000	442.341096	0.000000	778.037491
23.740000	442.426222	0.000000	777.441597
23.750000	442.511207	0.000000	776.845122
23.760000	442.596050	0.000000	776.248065
23.770000	442.680752	0.000000	775.650427
23.780000	442.765312	0.000000	775.052208
23.790000	442.849731	0.000000	774.453409
23.800000	442.934009	0.000000	773.854031
23.810000	443.018145	0.000000	773.254074
23.820000	443.102141	0.000000	772.653538
23.830000	443.185995	0.000000	772.052425
23.840000	443.269708	0.000000	771.450734
23.850000	443.353281	0.000000	770.848465
23.860000	443.436713	0.000000	770.245621
23.870000	443.520004	0.000000	769.642200
23.880000	443.603154	0.000000	769.038203
23.890000	443.686164	0.000000	768.433632
23.900000	443.769033	0.000000	767.828486
23.910000	443.851762	0.000000	767.222766
23.920000	443.934351	0.000000	766.616473
23.930000	444.016800	0.000000	766.009606
23.940000	444.099108	0.000000	765.402167
23.950000	444.181277	0.000000	764.794156
23.960000	444.263305	0.000000	764.185574
23.970000	444.345193	0.000000	763.576420
23.980000	444.426942	0.000000	762.966696
23.990000	444.508551	0.000000	762.356402
24.000000	444.590021	0.000000	761.745538
24.010000	444.671351	0.000000	761.134105
24.020000	444.752541	0.000000	760.522104
24.030000	444.833592	0.000000	759.909534
24.040000	444.914504	0.000000	759.296397
24.050000	444.995276	0.000000	758.682693
24.060000	445.075910	0.000000	758.068422
24.070000	445.156404	0.000000	757.453586
24.080000	445.236760	0.000000	756.838183
24.090000	445.316976	0.000000	756.222216
24.100000	445.397054	0.000000	755.605684
24.110000	445.476993	0.000000	754.988587
24.120000	445.556793	0.000000	754.370927
24.130000	445.636454	0.000000	753.752705
24.140000	445.715978	0.000000	753.133919
24.150000	445.795362	0.000000	752.514571
24.160000	445.874609	0.000000	751.894662
24.170000	445.953717	0.000000	751.274191
24.180000	446.032687	0.000000	750.653160
24.190000	446.111518	0.000000	750.031568
24.200000	446.190212	0.000000	749.409417
24.210000	446.268768	0.000000	748.786707
24.220000	446.347185	0.000000	748.163438
24.230000	446.425465	0.000000	747.539611
24.240000	446.503607	0.000000	746.915225
24.250000	446.581611	0.000000	746.290283
24.260000	446.659478	0.000000	745.664784
24.270000	446.737207	0.000000	745.038729
24.280000	446.814798	0.000000	744.412117
24.290000	446.892252	0.000000	743.784951
24.300000	446.969569	0.000000	743.157229
24.310000	447.046748	0.000000	742.528954
24.320000	447.123790	0.000000	741.900124
24.330000	447.200694	0.000000	741.270741
24.340000	447.277462	0.000000	740.640805
24.350000	447.354092	0.000000	740.010317
24.360000	447.430585	0.000000	739.379276
24.370000	447.506941	0.000000	738.747684
24.380000	447.583160	0.000000	738.115542
24.390000	447.659243	0.000000	737.482848
24.400000	447.735188	0.000000	736.849605
24.410000	447.810996	0.000000	736.215812
24.420000	447.886668	0.000000	735.581470
24.430000	447.962203	0.000000	734.946579
24.440000	448.037601	0.000000	734.311141
24.450000	448.112863	0.000000	733.675154
24.460000	448.187988	0.000000	733.038620
24.470000	448.262976	0.000000	732.401540
24.480000	448.337828	0.000000	731.763914
24.490000	448.412543	0.000000	731.125741
24.500000	448.487122	0.000000	730.487024
24.510000	448.561564	0.000000	729.847761
24.520000	448.635870	0.000000	729.207954
24.530000	448.710040	0.000000	728.567604
24.540000	448.784073	0.000000	727.926710
24.550000	448.857970	0.000000	727.285273
24.560000	448.931731	0.000000	726.643293
24.570000	449.005355	0.000000	726.000772
24.580000	449.078844	0.000000	725.357709
24.590000	449.152196	0.000000	724.714105
24.600000	449.225412	0.000000	724.069960
24.610000	449.298492	0.000000	723.425275
24.620000	449.371436	0.000000	722.780051
24.630000	449.444243	0.000000	722.134287
24.640000	449.516915	0.000000	721.487985
24.650000	449.589451	0.000000	720.841144
24.660000	449.661850	0.000000	720.193766
24.670000	449.734114	0.000000	719.545850
24.680000	449.806241	0.000000	718.897398
24.690000	449.878233	0.000000	718.248409
24.700000	449.950089	0.000000	717.598884
24.710000	450.021809	0.000000	716.948824
24.720000	450.093393	0.000000	716.298228
24.730000	450.164841	0.000000	715.647098
24.740000	450.236154	0.000000	714.995434
24.750000	450.307330	0.000000	714.343237
24.760000	450.378371	0.000000	713.690506
24.770000	450.449276	0.000000	713.037243
24.780000	450.520045	0.000000	712.383447
24.790000	450.590679	0.000000	711.729120
24.800000	450.661176	0.000000	711.074261
24.810000	450.731538	0.000000	710.418871
24.820000	450.801765	0.000000	709.762951
24.830000	450.871856	0.000000	709.106502
24.840000	450.941811	0.000000	708.449522
24.850000	451.011630	0.000000	707.792014
24.860000	451.081314	0.000000	707.133977
24.870000	451.150862	0.000000	706.475412
24.880000	451.220275	0.000000	705.816320
24.890000	451.289552	0.000000	705.156700
24.900000	451.358694	0.000000	704.496554
24.910000	451.427700	0.000000	703.835881
24.920000	451.496570	0.000000	703.174683
24.930000	451.565306	0.000000	702.512960
24.940000	451.633906	0.000000	701.850711
24.950000	451.702370	0.000000	701.187938
24.960000	451.770699	0.000000	700.524642
24.970000	451.838893	0.000000	699.860822
24.980000	451.906951	0.000000	699.196479
24.990000	451.974874	0.000000	698.531613
25.000000	452.042662	0.000000	697.866225
25.010000	452.110315	0.000000	697.200316
25.020000	452.177833	0.000000	696.533886
25.030000	452.245215	0.000000	695.866935
25.040000	452.312463	0.000000	695.199464
25.050000	452.379575	0.000000	694.531473
25.060000	452.446553	0.000000	693.862962
25.070000	452.513395	0.000000	693.193933
25.080000	452.580103	0.000000	692.524386
25.090000	452.646675	0.000000	691.854321
25.100000	452.713113	0.000000	691.183738
25.110000	452.779416	0.000000	690.512639
25.120000	452.845585	0.000000	689.841023
25.130000	452.911618	0.000000	689.168891
25.140000	452.977518	0.000000	688.496243
25.150000	453.043282	0.000000	687.823081
25.160000	453.108912	0.000000	687.149404
25.170000	453.174408	0.000000	686.475212
25.180000	453.239769	0.000000	685.800507
25.190000	453.304997	0.000000	685.125289
25.200000	453.370089	0.000000	684.449558
25.210000	453.435048	0.000000	683.773315
25.220000	453.499873	0.000000	683.096560
25.230000	453.564564	0.000000	682.419294
25.240000	453.629120	0.000000	681.741517
25.250000	453.693543	0.000000	681.063230
25.260000	453.757832	0.000000	680.384433
25.270000	453.821988	0.000000	679.705126
25.280000	453.886009	0.000000	679.025310
25.290000	453.949898	0.000000	678.344986
25.300000	454.013652	0.000000	677.664154
25.310000	454.077274	0.000000	676.982814
25.320000	454.140762	0.000000	676.300968
25.330000	454.204117	0.000000	675.618614
25.340000	454.267339	0.000000	674.935755
25.350000	454.330427	0.000000	674.252390
25.360000	454.393383	0.000000	673.568520
25.370000	454.456206	0.000000	672.884145
25.380000	454.518896	0.000000	672.199266
25.390000	454.581454	0.000000	671.513883
25.400000	454.643879	0.000000	670.827997
25.410000	454.706172	0.000000	670.141608
25.420000	454.768332	0.000000	669.454717
25.430000	454.830360	0.000000	668.767324
25.440000	454.892255	0.000000	668.079429
25.450000	454.954019	0.000000	667.391034
25.460000	455.015651	0.000000	666.702138
25.470000	455.077150	0.000000	666.012742
25.480000	455.138518	0.000000	665.322847
25.490000	455.199755	0.000000	664.632453
25.500000	455.260859	0.000000	663.941560
25.510000	455.321832	0.000000	663.250169
25.520000	455.382674	0.000000	662.558280
25.530000	455.443384	0.000000	661.865895
25.540000	455.503964	0.000000	661.173013
25.550000	455.564412	0.000000	660.479634
25.560000	455.624729	0.000000	659.785760
25.570000	455.684915	0.000000	659.091390
25.580000	455.744970	0.000000	658.396526
25.590000	455.804895	0.000000	657.701168
25.600000	455.864689	0.000000	657.005315
25.610000	455.924352	0.000000	656.308970
25.620000	455.983885	0.000000	655.612131
25.630000	456.043288	0.000000	654.914800
25.640000	456.102561	0.000000	654.216977
25.650000	456.161703	0.000000	653.518662
25.660000	456.220715	0.000000	652.819857
25.670000	456.279597	0.000000	652.120561
25.680000	456.338350	0.000000	651.420774
25.690000	456.396972	0.000000	650.720499
25.700000	456.455465	0.000000	650.019734
25.710000	456.513828	0.000000	649.318480
25.720000	456.572062	0.000000	648.616738
25.730000	456.630166	0.000000	647.914508
25.740000	456.688141	0.000000	647.211791
25.750000	456.745986	0.000000	646.508587
25.760000	456.803702	0.000000	645.804897
25.770000	456.861290	0.000000	645.100721
25.780000	456.918748	0.000000	644.396059
25.790000	456.976077	0.000000	643.690912
25.800000	457.033277	0.000000	642.985281
25.810000	457.090349	0.000000	642.279166
25.820000	457.147291	0.000000	641.572567
25.830000	457.204105	0.000000	640.865484
25.840000	457.260790	0.000000	640.157920
25.850000	457.317347	0.000000	639.449872
25.860000	457.373776	0.000000	638.741343
25.870000	457.430076	0.000000	638.032333
25.880000	457.486247	0.000000	637.322842
25.890000	457.542290	0.000000	636.612870
25.900000	457.598206	0.000000	635.902419
25.910000	457.653992	0.000000	635.191488
25.920000	457.709651	0.000000	634.480077
25.930000	457.765182	0.000000	633.768188
25.940000	457.820585	0.000000	633.055821
25.950000	457.875860	0.000000	632.342977
25.960000	457.931006	0.000000	631.629655
25.970000	457.986026	0.000000	630.915856
25.980000	458.040917	0.000000	630.201580
25.990000	458.095680	0.000000	629.486829
26.000000	458.150316	0.000000	628.771603
26.010000	458.204824	0.000000	628.055901
26.020000	458.259205	0.000000	627.339725
26.030000	458.313458	0.000000	626.623074
26.040000	458.367584	0.000000	625.905950
26.050000	458.421582	0.000000	625.188353
26.060000	458.475452	0.000000	624.470282
26.070000	458.529195	0.000000	623.751740
26.080000	458.582811	0.000000	623.032725
26.090000	458.636300	0.000000	622.313239
26.100000	458.689661	0.000000	621.593282
26.110000	458.742894	0.000000	620.872855
26.120000	458.796001	0.000000	620.151957
26.130000	458.848980	0.000000	619.430590
26.140000	458.901832	0.000000	618.708753
26.150000	458.954557	0.000000	617.986447
26.160000	459.007155	0.000000	617.263673
26.170000	459.059626	0.000000	616.540432
26.180000	459.111969	0.000000	615.816722
26.190000	459.164186	0.000000	615.092546
26.200000	459.216275	0.000000	614.367902
26.210000	459.268237	0.000000	613.642793
26.220000	459.320073	0.000000	612.917218
26.230000	459.371781	0.000000	612.191177
26.240000	459.423362	0.000000	611.464672
26.250000	459.474816	0.000000	610.737702
26.260000	459.526143	0.000000	610.010268
26.270000	459.577344	0.000000	609.282371
26.280000	459.628417	0.000000	608.554010
26.290000	459.679363	0.000000	607.825187
26.300000	459.730183	0.000000	607.095901
26.310000	459.780875	0.000000	606.366154
26.320000	459.831441	0.000000	605.635945
26.330000	459.881880	0.000000	604.905275
26.340000	459.932192	0.000000	604.174144
26.350000	459.982377	0.000000	603.442554
26.360000	460.032435	0.000000	602.710504
26.370000	460.082366	0.000000	601.977994
26.380000	460.132170	0.000000	601.245026
26.390000	460.181848	0.000000	600.511599
26.400000	460.231399	0.000000	599.777714
26.410000	460.280823	0.000000	599.043372
26.420000	460.330120	0.000000	598.308572
26.430000	460.379290	0.000000	597.573316
26.440000	460.428334	0.000000	596.837604
26.450000	460.477251	0.000000	596.101436
26.460000	460.526041	0.000000	595.364812
26.470000	460.574704	0.000000	594.627734
26.480000	460.623241	0.000000	593.890201
26.490000	460.671651	0.000000	593.152214
26.500000	460.719934	0.000000	592.413773
26.510000	460.768091	0.000000	591.674879
26.520000	460.816121	0.000000	590.935532
26.530000	460.864024	0.000000	590.195733
26.540000	460.911801	0.000000	589.455482
26.550000	460.959451	0.000000	588.714780
26.560000	461.006975	0.000000	587.973626
26.570000	461.054372	0.000000	587.232022
26.580000	461.101642	0.000000	586.489967
26.590000	461.148787	0.000000	585.747463
26.600000	461.195805	0.000000	585.004510
26.610000	461.242696	0.000000	584.261107
26.620000	461.289461	0.000000	583.517257
26.630000	461.336100	0.000000	582.772958
26.640000	461.382613	0.000000	582.028211
26.650000	461.428999	0.000000	581.283018
26.660000	461.475260	0.000000	580.537377
26.670000	461.521394	0.000000	579.791291
26.680000	461.567402	0.000000	579.044758
26.690000	461.613284	0.000000	578.297780
26.700000	461.659040	0.000000	577.550357
26.710000	461.704670	0.000000	576.802490
26.720000	461.750175	0.000000	576.054178
26.730000	461.795554	0.000000	575.305423
26.740000	461.840807	0.000000	574.556225
26.750000	461.885934	0.000000	573.806584
26.760000	461.930936	0.000000	573.056500
26.770000	461.975812	0.000000	572.305975
26.780000	462.020563	0.000000	571.555008
26.790000	462.065189	0.000000	570.803600
26.800000	462.109689	0.000000	570.051751
26.810000	462.154065	0.000000	569.299463
26.820000	462.198315	0.000000	568.546734
26.830000	462.242440	0.000000	567.793567
26.840000	462.286440	0.000000	567.039960
26.850000	462.330316	0.000000	566.285915
26.860000	462.374066	0.000000	565.531433
26.870000	462.417693	0.000000	564.776512
26.880000	462.461194	0.000000	564.021155
26.890000	462.504571	0.000000	563.265361
26.900000	462.547824	0.000000	562.509131
26.910000	462.590953	0.000000	561.752465
26.920000	462.633957	0.000000	560.995364
26.930000	462.676837	0.000000	560.237828
26.940000	462.719594	0.000000	559.479857
26.950000	462.762226	0.000000	558.721453
26.960000	462.804735	0.000000	557.962615
26.970000	462.847121	0.000000	557.203344
26.980000	462.889383	0.000000	556.443641
26.990000	462.931521	0.000000	555.683505
27.000000	462.973536	0.000000	554.922937
27.010000	463.015428	0.000000	554.161939
27.020000	463.057197	0.000000	553.400509
27.030000	463.098843	0.000000	552.638649
27.040000	463.140366	0.000000	551.876359
27.050000	463.181767	0.000000	551.113639
27.060000	463.223045	0.000000	550.350490
27.070000	463.264200	0.000000	549.586913
27.080000	463.305233	0.000000	548.822907
27.090000	463.346144	0.000000	548.058474
27.100000	463.386932	0.000000	547.293613
27.110000	463.427599	0.000000	546.528326
27.120000	463.468143	0.000000	545.762612
27.130000	463.508566	0.000000	544.996472
27.140000	463.548867	0.000000	544.229906
27.150000	463.589047	0.000000	543.462915
27.160000	463.629105	0.000000	542.695500
27.170000	463.669042	0.000000	541.927660
27.180000	463.708857	0.000000	541.159397
27.190000	463.748551	0.000000	540.390710
27.200000	463.788125	0.000000	539.621600
27.210000	463.827577	0.000000	538.852068
27.220000	463.866908	0.000000	538.082113
27.230000	463.906119	0.000000	537.311737
27.240000	463.945209	0.000000	536.540940
27.250000	463.984179	0.000000	535.769722
27.260000	464.023028	0.000000	534.998084
27.270000	464.061757	0.000000	534.226026
27.280000	464.100366	0.000000	533.453548
27.290000	464.138855	0.000000	532.680651
27.300000	464.177223	0.000000	531.907336
27.310000	464.215472	0.000000	531.133603
27.320000	464.253601	0.000000	530.359451
27.330000	464.291610	0.000000	529.584883
27.340000	464.329500	0.000000	528.809897
27.350000	464.367269	0.000000	528.034496
27.360000	464.404920	0.000000	527.258678
27.370000	464.442451	0.000000	526.482444
27.380000	464.479863	0.000000	525.705796
27.390000	464.517155	0.000000	524.928732
27.400000	464.554329	0.000000	524.151255
27.410000	464.591383	0.000000	523.373363
27.420000	464.628318	0.000000	522.595058
27.430000	464.665135	0.000000	521.816340
27.440000	464.701832	0.000000	521.037209
27.450000	464.738411	0.000000	520.257667
27.460000	464.774871	0.000000	519.477712
27.470000	464.811213	0.000000	518.697346
27.480000	464.847436	0.000000	517.916569
27.490000	464.883540	0.000000	517.135382
27.500000	464.919526	0.000000	516.353784
27.510000	464.955394	0.000000	515.571777
27.520000	464.991143	0.000000	514.789361
27.530000	465.026774	0.000000	514.006535
27.540000	465.062287	0.000000	513.223302
27.550000	465.097682	0.000000	512.439660
27.560000	465.132958	0.000000	511.655611
27.570000	465.168116	0.000000	510.871155
27.580000	465.203157	0.000000	510.086291
27.590000	465.238079	0.000000	509.301022
27.600000	465.272884	0.000000	508.515347
27.610000	465.307570	0.000000	507.729266
27.620000	465.342139	0.000000	506.942780
27.630000	465.376590	0.000000	506.155889
27.640000	465.410923	0.000000	505.368594
27.650000	465.445139	0.000000	504.580895
27.660000	465.479236	0.000000	503.792793
27.670000	465.513216	0.000000	503.004288
27.680000	465.547078	0.000000	502.215380
27.690000	465.580823	0.000000	501.426070
27.700000	465.614450	0.000000	500.636358
27.710000	465.647960	0.000000	499.846244
27.720000	465.681352	0.000000	499.055730
27.730000	465.714626	0.000000	498.264815
27.740000	465.747783	0.000000	497.473500
27.750000	465.780822	0.000000	496.681785
27.760000	465.813744	0.000000	495.889671
27.770000	465.846548	0.000000	495.097157
27.780000	465.879235	0.000000	494.304246
27.790000	465.911804	0.000000	493.510935
27.800000	465.944256	0.000000	492.717228
27.810000	465.976591	0.000000	491.923123
27.820000	466.008808	0.000000	491.128620
27.830000	466.040907	0.000000	490.333722
27.840000	466.072889	0.000000	489.538427
27.850000	466.104754	0.000000	488.742736
27.860000	466.136502	0.000000	487.946650
27.870000	466.168132	0.000000	487.150169
27.880000	466.199644	0.000000	486.353294
27.890000	466.231039	0.000000	485.556024
27.900000	466.262317	0.000000	484.758361
27.910000	466.293477	0.000000	483.960304
27.920000	466.324520	0.000000	483.161855
27.930000	466.355446	0.000000	482.363012
27.940000	466.386254	0.000000	481.563778
27.950000	466.416945	0.000000	480.764152
27.960000	466.447518	0.000000	479.964134
27.970000	466.477974	0.000000	479.163726
27.980000	466.508313	0.000000	478.362927
27.990000	466.538534	0.000000	477.561738
28.000000	466.568638	0.000000	476.760159
28.010000	466.598624	0.000000	475.958190
28.020000	466.628493	0.000000	475.155833
28.030000	466.658245	0.000000	474.353087
28.040000	466.687879	0.000000	473.549953
28.050000	466.717396	0.000000	472.746431
28.060000	466.746796	0.000000	471.942522
28.070000	466.776078	0.000000	471.138225
28.080000	466.805243	0.000000	470.333542
28.090000	466.834291	0.000000	469.528473
28.100000	466.863222	0.000000	468.723018
28.110000	466.892035	0.000000	467.917178
28.120000	466.920731	0.000000	467.110953
28.130000	466.949309	0.000000	466.304343
28.140000	466.977771	0.000000	465.497349
28.150000	467.006115	0.000000	464.689971
28.160000	467.034342	0.000000	463.882210
28.170000	467.062452	0.000000	463.074065
28.180000	467.090445	0.000000	462.265538
28.190000	467.118321	0.000000	461.456629
28.200000	467.146080	0.000000	460.647338
28.210000	467.173722	0.000000	459.837666
28.220000	467.201247	0.000000	459.027613
28.230000	467.228655	0.000000	458.217179
28.240000	467.255946	0.000000	457.406365
28.250000	467.283120	0.000000	456.595171
28.260000	467.310178	0.000000	455.783597
28.270000	467.337119	0.000000	454.971645
28.280000	467.363943	0.000000	454.159314
28.290000	467.390651	0.000000	453.346605
28.300000	467.417242	0.000000	452.533518
28.310000	467.443717	0.000000	451.720054
28.320000	467.470076	0.000000	450.906212
28.330000	467.496318	0.000000	450.091994
28.340000	467.522444	0.000000	449.277400
28.350000	467.548454	0.000000	448.462431
28.360000	467.574348	0.000000	447.647085
28.370000	467.600126	0.000000	446.831365
28.380000	467.625788	0.000000	446.015271
28.390000	467.651334	0.000000	445.198802
28.400000	467.676765	0.000000	444.381959
28.410000	467.702080	0.000000	443.564744
28.420000	467.727280	0.000000	442.747155
28.430000	467.752364	0.000000	441.929194
28.440000	467.777333	0.000000	441.110860
28.450000	467.802187	0.000000	440.292155
28.460000	467.826926	0.000000	439.473079
28.470000	467.851549	0.000000	438.653632
28.480000	467.876058	0.000000	437.833814
28.490000	467.900453	0.000000	437.013626
28.500000	467.924732	0.000000	436.193069
28.510000	467.948898	0.000000	435.372142
28.520000	467.972948	0.000000	434.550847
28.530000	467.996885	0.000000	433.729183
28.540000	468.020708	0.000000	432.907151
28.550000	468.044416	0.000000	432.084751
28.560000	468.068011	0.000000	431.261985
28.570000	468.091492	0.000000	430.438851
28.580000	468.114859	0.000000	429.615351
28.590000	468.138113	0.000000	428.791486
28.600000	468.161254	0.000000	427.967254
28.610000	468.184281	0.000000	427.142658
28.620000	468.207195	0.000000	426.317696
28.630000	468.229996	0.000000	425.492371
28.640000	468.252685	0.000000	424.666681
28.650000	468.275261	0.000000	423.840628
28.660000	468.297724	0.000000	423.014212
28.670000	468.320075	0.000000	422.187433
28.680000	468.342313	0.000000	421.360292
28.690000	468.364439	0.000000	420.532788
28.700000	468.386454	0.000000	419.704924
28.710000	468.408356	0.000000	418.876698
28.720000	468.430146	0.000000	418.048112
28.730000	468.451825	0.000000	417.219165
28.740000	468.473393	0.000000	416.389858
28.750000	468.494849	0.000000	415.560192
28.760000	468.516193	0.000000	414.730167
28.770000	468.537427	0.000000	413.899784
28.780000	468.558549	0.000000	413.069042
28.790000	468.579561	0.000000	412.237942
28.800000	468.600462	0.000000	411.406485
28.810000	468.621252	0.000000	410.574670
28.820000	468.641932	0.000000	409.742499
28.830000	468.662501	0.000000	408.909972
28.840000	468.682960	0.000000	408.077089
28.850000	468.703308	0.000000	407.243850
28.860000	468.723547	0.000000	406.410257
28.870000	468.743676	0.000000	405.576308
28.880000	468.763694	0.000000	404.742006
28.890000	468.783603	0.000000	403.907349
28.900000	468.803403	0.000000	403.072339
28.910000	468.823092	0.000000	402.236976
28.920000	468.842673	0.000000	401.401261
28.930000	468.862144	0.000000	400.565193
28.940000	468.881505	0.000000	399.728773
28.950000	468.900758	0.000000	398.892002
28.960000	468.919901	0.000000	398.054879
28.970000	468.938936	0.000000	397.217406
28.980000	468.957862	0.000000	396.379583
28.990000	468.976678	0.000000	395.541409
29.000000	468.995387	0.000000	394.702886
29.010000	469.013986	0.000000	393.864014
29.020000	469.032477	0.000000	393.024793
29.030000	469.050859	0.000000	392.185224
29.040000	469.069133	0.000000	391.345307
29.050000	469.087299	0.000000	390.505042
29.060000	469.105357	0.000000	389.664430
29.070000	469.123306	0.000000	388.823471
29.080000	469.141147	0.000000	387.982166
29.090000	469.158880	0.000000	387.140514
29.100000	469.176505	0.000000	386.298517
29.110000	469.194022	0.000000	385.456175
29.120000	469.211432	0.000000	384.613488
29.130000	469.228733	0.000000	383.770456
29.140000	469.245927	0.000000	382.927080
29.150000	469.263013	0.000000	382.083360
29.160000	469.279991	0.000000	381.239297
29.170000	469.296862	0.000000	380.394891
29.180000	469.313625	0.000000	379.550142
29.190000	469.330280	0.000000	378.705051
29.200000	469.346828	0.000000	377.859619
29.210000	469.363269	0.000000	377.013844
29.220000	469.379602	0.000000	376.167729
29.230000	469.395828	0.000000	375.321272
29.240000	469.411946	0.000000	374.474476
29.250000	469.427958	0.000000	373.627339
29.260000	469.443861	0.000000	372.779863
29.270000	469.459658	0.000000	371.932048
29.280000	469.475347	0.000000	371.083893
29.290000	469.490929	0.000000	370.235400
29.300000	469.506404	0.000000	369.386569
29.310000	469.521771	0.000000	368.537401
29.320000	469.537032	0.000000	367.687895
29.330000	469.552185	0.000000	366.838051
29.340000	469.567231	0.000000	365.987872
29.350000	469.582170	0.000000	365.137355
29.360000	469.597001	0.000000	364.286504
29.370000	469.611726	0.000000	363.435316
29.380000	469.626343	0.000000	362.583793
29.390000	469.640854	0.000000	361.731936
29.400000	469.655257	0.000000	360.879744
29.410000	469.669553	0.000000	360.027218
29.420000	469.683742	0.000000	359.174358
29.430000	469.697824	0.000000	358.321165
29.440000	469.711798	0.000000	357.467639
29.450000	469.725666	0.000000	356.613780
29.460000	469.739426	0.000000	355.759589
29.470000	469.753079	0.000000	354.905066
29.480000	469.766625	0.000000	354.050212
29.490000	469.780064	0.000000	353.195027
29.500000	469.793396	0.000000	352.339510
29.510000	469.806621	0.000000	351.483664
29.520000	469.819738	0.000000	350.627487
29.530000	469.832748	0.000000	349.770980
29.540000	469.845651	0.000000	348.914144
29.550000	469.858447	0.000000	348.056980
29.560000	469.871136	0.000000	347.199486
29.570000	469.883718	0.000000	346.341664
29.580000	469.896192	0.000000	345.483515
29.590000	469.908559	0.000000	344.625038
29.600000	469.920819	0.000000	343.766233
29.610000	469.932972	0.000000	342.907102
29.620000	469.945017	0.000000	342.047645
29.630000	469.956956	0.000000	341.187861
29.640000	469.968787	0.000000	340.327752
29.650000	469.980511	0.000000	339.467317
29.660000	469.992127	0.000000	338.606557
29.670000	470.003637	0.000000	337.745473
29.680000	470.015040	0.000000	336.884064
29.690000	470.026335	0.000000	336.022332
29.700000	470.037523	0.000000	335.160276
29.710000	470.048604	0.000000	334.297897
29.720000	470.059578	0.000000	333.435194
29.730000	470.070445	0.000000	332.572170
29.740000	470.081205	0.000000	331.708823
29.750000	470.091857	0.000000	330.845155
29.760000	470.102403	0.000000	329.981165
29.770000	470.112842	0.000000	329.116854
29.780000	470.123174	0.000000	328.252223
29.790000	470.133399	0.000000	327.387271
29.800000	470.143517	0.000000	326.522000
29.810000	470.153529	0.000000	325.656408
29.820000	470.163433	0.000000	324.790498
29.830000	470.173231	0.000000	323.924269
29.840000	470.182923	0.000000	323.057721
29.850000	470.192507	0.000000	322.190856
29.860000	470.201986	0.000000	321.323672
29.870000	470.211358	0.000000	320.456171
29.880000	470.220623	0.000000	319.588354
29.890000	470.229783	0.000000	318.720219
29.900000	470.238836	0.000000	317.851769
29.910000	470.247783	0.000000	316.983002
29.920000	470.256624	0.000000	316.113920
29.930000	470.265359	0.000000	315.244523
29.940000	470.273988	0.000000	314.374811
29.950000	470.282511	0.000000	313.504785
29.960000	470.290929	0.000000	312.634445
29.970000	470.299241	0.000000	311.763791
29.980000	470.307448	0.000000	310.892824
29.990000	470.315549	0.000000	310.021544
30.000000	470.323546	0.000000	309.149951
30.010000	470.331437	0.000000	308.278046
30.020000	470.339223	0.000000	307.405829
30.030000	470.346905	0.000000	306.533301
30.040000	470.354481	0.000000	305.660462
30.050000	470.361953	0.000000	304.787313
30.060000	470.369321	0.000000	303.913852
30.070000	470.376584	0.000000	303.040082
30.080000	470.383743	0.000000	302.166003
30.090000	470.390799	0.000000	301.291614
30.100000	470.397750	0.000000	300.416917
30.110000	470.404597	0.000000	299.541911
30.120000	470.411341	0.000000	298.666596
30.130000	470.417981	0.000000	297.790975
30.140000	470.424518	0.000000	296.915046
30.150000	470.430952	0.000000	296.038810
30.160000	470.437283	0.000000	295.162267
30.170000	470.443510	0.000000	294.285418
30.180000	470.449635	0.000000	293.408263
30.190000	470.455658	0.000000	292.530803
30.200000	470.461578	0.000000	291.653038
30.210000	470.467396	0.000000	290.774968
30.220000	470.473111	0.000000	289.896594
30.230000	470.478725	0.000000	289.017916
30.240000	470.484237	0.000000	288.138934
30.250000	470.489647	0.000000	287.259649
30.260000	470.494956	0.000000	286.380061
30.270000	470.500163	0.000000	285.500170
30.280000	470.505269	0.000000	284.619978
30.290000	470.510274	0.000000	283.739484
30.300000	470.515178	0.000000	282.858688
30.310000	470.519981	0.000000	281.977591
30.320000	470.524684	0.000000	281.096194
30.330000	470.529286	0.000000	280.214496
30.340000	470.533788	0.000000	279.332499
30.350000	470.538189	0.000000	278.450202
30.360000	470.542491	0.000000	277.567606
30.370000	470.546692	0.000000	276.684711
30.380000	470.550794	0.000000	275.801517
30.390000	470.554797	0.000000	274.918025
30.400000	470.558699	0.000000	274.034236
30.410000	470.562503	0.000000	273.150150
30.420000	470.566207	0.000000	272.265766
30.430000	470.569812	0.000000	271.381086
30.440000	470.573319	0.000000	270.496109
30.450000	470.576726	0.000000	269.610837
30.460000	470.580035	0.000000	268.725269
30.470000	470.583245	0.000000	267.839406
30.480000	470.586357	0.000000	266.953248
30.490000	470.589370	0.000000	266.066795
30.500000	470.592285	0.000000	265.180049
30.510000	470.595102	0.000000	264.293009
30.520000	470.597822	0.000000	263.405675
30.530000	470.600443	0.000000	262.518048
30.540000	470.602966	0.000000	261.630129
30.550000	470.605392	0.000000	260.741917
30.560000	470.607720	0.000000	259.853414
30.570000	470.609951	0.000000	258.964618
30.580000	470.612085	0.000000	258.075532
30.590000	470.614121	0.000000	257.186155
30.600000	470.616060	0.000000	256.296487
30.610000	470.617902	0.000000	255.406528
30.620000	470.619647	0.000000	254.516281
30.630000	470.621295	0.000000	253.625743
30.640000	470.622847	0.000000	252.734916
30.650000	470.624301	0.000000	251.843801
30.660000	470.625659	0.000000	250.952397
30.670000	470.626921	0.000000	250.060705
30.680000	470.628086	0.000000	249.168726
30.690000	470.629154	0.000000	248.276458
30.700000	470.630126	0.000000	247.383904
30.710000	470.631002	0.000000	246.491063
30.720000	470.631782	0.000000	245.597936
30.730000	470.632465	0.000000	244.704523
30.740000	470.633053	0.000000	243.810824
30.750000	470.633544	0.000000	242.916840
30.760000	470.633939	0.000000	242.022570
30.770000	470.634238	0.000000	241.128017
30.780000	470.634442	0.000000	240.233178
30.790000	470.634549	0.000000	239.338056
30.800000	470.634561	0.000000	238.442650
30.810000	470.634477	0.000000	237.546961
30.820000	470.634297	0.000000	236.650989
30.830000	470.634022	0.000000	235.754735
30.840000	470.633650	0.000000	234.858198
30.850000	470.633184	0.000000	233.961379
30.860000	470.632621	0.000000	233.064279
30.870000	470.631963	0.000000	232.166897
30.880000	470.631210	0.000000	231.269234
30.890000	470.630360	0.000000	230.371291
30.900000	470.629416	0.000000	229.473068
30.910000	470.628376	0.000000	228.574564
30.920000	470.627240	0.000000	227.675781
30.930000	470.626009	0.000000	226.776719
30.940000	470.624682	0.000000	225.877378
30.950000	470.623260	0.000000	224.977759
30.960000	470.621743	0.000000	224.077861
30.970000	470.620130	0.000000	223.177685
30.980000	470.618421	0.000000	222.277231
30.990000	470.616617	0.000000	221.376501
31.000000	470.614718	0.000000	220.475493
31.010000	470.612723	0.000000	219.574209
31.020000	470.610633	0.000000	218.672648
31.030000	470.608448	0.000000	217.770812
31.040000	470.606167	0.000000	216.868700
31.050000	470.603790	0.000000	215.966313
31.060000	470.601319	0.000000	215.063650
31.070000	470.598751	0.000000	214.160714
31.080000	470.596089	0.000000	213.257502
31.090000	470.593331	0.000000	212.354017
31.100000	470.590477	0.000000	211.450258
31.110000	470.587528	0.000000	210.546226
31.120000	470.584484	0.000000	209.641921
31.130000	470.581344	0.000000	208.737344
31.140000	470.578108	0.000000	207.832493
31.150000	470.574778	0.000000	206.927371
31.160000	470.571351	0.000000	206.021978
31.170000	470.567830	0.000000	205.116312
31.180000	470.564212	0.000000	204.210376
31.190000	470.560500	0.000000	203.304169
31.200000	470.556692	0.000000	202.397692
31.210000	470.552788	0.000000	201.490945
31.220000	470.548789	0.000000	200.583928
31.230000	470.544695	0.000000	199.676641
31.240000	470.540505	0.000000	198.769086
31.250000	470.536220	0.000000	197.861262
31.260000	470.531839	0.000000	196.953169
31.270000	470.527363	0.000000	196.044808
31.280000	470.522792	0.000000	195.136180
31.290000	470.518125	0.000000	194.227284
31.300000	470.513363	0.000000	193.318121
31.310000	470.508506	0.000000	192.408691
31.320000	470.503553	0.000000	191.498994
31.330000	470.498506	0.000000	190.589032
31.340000	470.493363	0.000000	189.678804
31.350000	470.488125	0.000000	188.768310
31.360000	470.482792	0.000000	187.857551
31.370000	470.477364	0.000000	186.946527
31.380000	470.471841	0.000000	186.035239
31.390000	470.466223	0.000000	185.123686
31.400000	470.460510	0.000000	184.211870
31.410000	470.454703	0.000000	183.299790
31.420000	470.448801	0.000000	182.387447
31.430000	470.442804	0.000000	181.474842
31.440000	470.436712	0.000000	180.561973
31.450000	470.430527	0.000000	179.648843
31.460000	470.424247	0.000000	178.735450
31.470000	470.417872	0.000000	177.821796
31.480000	470.411404	0.000000	176.907881
31.490000	470.404841	0.000000	175.993705
31.500000	470.398185	0.000000	175.079269
31.510000	470.391434	0.000000	174.164572
31.520000	470.384590	0.000000	173.249616
31.530000	470.377652	0.000000	172.334400
31.540000	470.370621	0.000000	171.418925
31.550000	470.363497	0.000000	170.503191
31.560000	470.356279	0.000000	169.587198
31.570000	470.348968	0.000000	168.670947
31.580000	470.341565	0.000000	167.754439
31.590000	470.334068	0.000000	166.837672
31.600000	470.326479	0.000000	165.920649
31.610000	470.318798	0.000000	165.003369
31.620000	470.311024	0.000000	164.085832
31.630000	470.303158	0.000000	163.168039
31.640000	470.295200	0.000000	162.249991
31.650000	470.287150	0.000000	161.331687
31.660000	470.279009	0.000000	160.413127
31.670000	470.270776	0.000000	159.494313
31.680000	470.262451	0.000000	158.575244
31.690000	470.254036	0.000000	157.655921
31.700000	470.245530	0.000000	156.736345
31.710000	470.236932	0.000000	155.816515
31.720000	470.228245	0.000000	154.896431
31.730000	470.219467	0.000000	153.976095
31.740000	470.210598	0.000000	153.055507
31.750000	470.201640	0.000000	152.134666
31.760000	470.192592	0.000000	151.213574
31.770000	470.183454	0.000000	150.292230
31.780000	470.174226	0.000000	149.370634
31.790000	470.164910	0.000000	148.448789
31.800000	470.155504	0.000000	147.526692
31.810000	470.146010	0.000000	146.604346
31.820000	470.136426	0.000000	145.681749
31.830000	470.126755	0.000000	144.758904
31.840000	470.116994	0.000000	143.835809
31.850000	470.107146	0.000000	142.912465
31.860000	470.097210	0.000000	141.988873
31.870000	470.087186	0.000000	141.065033
31.880000	470.077075	0.000000	140.140945
31.890000	470.066876	0.000000	139.216609
31.900000	470.056590	0.000000	138.292026
31.910000	470.046217	0.000000	137.367197
31.920000	470.035758	0.000000	136.442121
31.930000	470.025211	0.000000	135.516799
31.940000	470.014579	0.000000	134.591231
31.950000	470.003860	0.000000	133.665418
31.960000	469.993055	0.000000	132.739359
31.970000	469.982164	0.000000	131.813056
31.980000	469.971188	0.000000	130.886508
31.990000	469.960126	0.000000	129.959716
32.000000	469.948978	0.000000	129.032680
32.010000	469.937746	0.000000	128.105400
32.020000	469.926429	0.000000	127.177878
32.030000	469.915026	0.000000	126.250112
32.040000	469.903540	0.000000	125.322104
32.050000	469.891968	0.000000	124.393854
32.060000	469.880313	0.000000	123.465362
32.070000	469.868573	0.000000	122.536628
32.080000	469.856749	0.000000	121.607653
32.090000	469.844842	0.000000	120.678437
32.100000	469.832851	0.000000	119.748981
32.110000	469.820776	0.000000	118.819284
32.120000	469.808618	0.000000	117.889347
32.130000	469.796377	0.000000	116.959171
32.140000	469.784053	0.000000	116.028755
32.150000	469.771645	0.000000	115.098100
32.160000	469.759156	0.000000	114.167207
32.170000	469.746583	0.000000	113.236075
32.180000	469.733928	0.000000	112.304705
32.190000	469.721191	0.000000	111.373097
32.200000	469.708371	0.000000	110.441252
32.210000	469.695469	0.000000	109.509170
32.220000	469.682486	0.000000	108.576851
32.230000	469.669420	0.000000	107.644295
32.240000	469.656273	0.000000	106.711504
32.250000	469.643044	0.000000	105.778476
32.260000	469.629734	0.000000	104.845213
32.270000	469.616343	0.000000	103.911715
32.280000	469.602870	0.000000	102.977981
32.290000	469.589316	0.000000	102.044013
32.300000	469.575681	0.000000	101.109811
32.310000	469.561965	0.000000	100.175375
32.320000	469.548169	0.000000	99.240705
32.330000	469.534291	0.000000	98.305801
32.340000	469.520333	0.000000	97.370665
32.350000	469.506295	0.000000	96.435296
32.360000	469.492176	0.000000	95.499694
32.370000	469.477977	0.000000	94.563860
32.380000	469.463698	0.000000	93.627794
32.390000	469.449338	0.000000	92.691497
32.400000	469.434899	0.000000	91.754969
32.410000	469.420379	0.000000	90.818209
32.420000	469.405780	0.000000	89.881219
32.430000	469.391101	0.000000	88.943999
32.440000	469.376342	0.000000	88.006548
32.450000	469.361503	0.000000	87.068868
32.460000	469.346585	0.000000	86.130958
32.470000	469.331588	0.000000	85.192819
32.480000	469.316511	0.000000	84.254452
32.490000	469.301354	0.000000	83.315855
32.500000	469.286119	0.000000	82.377031
32.510000	469.270804	0.000000	81.437978
32.520000	469.255410	0.000000	80.498698
32.530000	469.239937	0.000000	79.559191
32.540000	469.224385	0.000000	78.619456
32.550000	469.208754	0.000000	77.679495
32.560000	469.193044	0.000000	76.739308
32.570000	469.177255	0.000000	75.798894
32.580000	469.161388	0.000000	74.858254
32.590000	469.145442	0.000000	73.917389
32.600000	469.129417	0.000000	72.976298
32.610000	469.113314	0.000000	72.034983
32.620000	469.097132	0.000000	71.093442
32.630000	469.080872	0.000000	70.151678
32.640000	469.064534	0.000000	69.209689
32.650000	469.048117	0.000000	68.267477
32.660000	469.031622	0.000000	67.325041
32.670000	469.015048	0.000000	66.382381
32.680000	468.998397	0.000000	65.439499
32.690000	468.981668	0.000000	64.496394
32.700000	468.964860	0.000000	63.553067
32.710000	468.947975	0.000000	62.609518
32.720000	468.931012	0.000000	61.665747
32.730000	468.913971	0.000000	60.721754
32.740000	468.896852	0.000000	59.777541
32.750000	468.879656	0.000000	58.833106
32.760000	468.862383	0.000000	57.888451
32.770000	468.845032	0.000000	56.943576
32.780000	468.827604	0.000000	55.998480
32.790000	468.810098	0.000000	55.053165
32.800000	468.792515	0.000000	54.107630
32.810000	468.774856	0.000000	53.161877
32.820000	468.757119	0.000000	52.215904
32.830000	468.739306	0.000000	51.269713
32.840000	468.721416	0.000000	50.323304
32.850000	468.703450	0.000000	49.376676
32.860000	468.685407	0.000000	48.429831
32.870000	468.667287	0.000000	47.482769
32.880000	468.649092	0.000000	46.535489
32.890000	468.630821	0.000000	45.587993
32.900000	468.612473	0.000000	44.640280
32.910000	468.594051	0.000000	43.692351
32.920000	468.575552	0.000000	42.744206
32.930000	468.556979	0.000000	41.795845
32.940000	468.538330	0.000000	40.847269
32.950000	468.519606	0.000000	39.898478
32.960000	468.500808	0.000000	38.949472
32.970000	468.481934	0.000000	38.000252
32.980000	468.462987	0.000000	37.050818
32.990000	468.443966	0.000000	36.101169
33.000000	468.424870	0.000000	35.151307
33.010000	468.405702	0.000000	34.201232
33.020000	468.386459	0.000000	33.250944
33.030000	468.367144	0.000000	32.300443
33.040000	468.347756	0.000000	31.349730
33.050000	468.328296	0.000000	30.398805
33.060000	468.308763	0.000000	29.447668
33.070000	468.289158	0.000000	28.496319
33.080000	468.269482	0.000000	27.544759
33.090000	468.249735	0.000000	26.592988
33.100000	468.229916	0.000000	25.641007
33.110000	468.210028	0.000000	24.688815
33.120000	468.190069	0.000000	23.736413
33.130000	468.170040	0.000000	22.783802
33.140000	468.149943	0.000000	21.830981
33.150000	468.129776	0.000000	20.877951
33.160000	468.109541	0.000000	19.924712
33.170000	468.089238	0.000000	18.971265
33.180000	468.068867	0.000000	18.017609
33.190000	468.048430	0.000000	17.063746
33.200000	468.027925	0.000000	16.109675
33.210000	468.007356	0.000000	15.155396
33.220000	467.986720	0.000000	14.200911
33.230000	467.966020	0.000000	13.246218
33.240000	467.945256	0.000000	12.291320
33.250000	467.924428	0.000000	11.336215
33.260000	467.903538	0.000000	10.380904
33.270000	467.882585	0.000000	9.425388
33.280000	467.861571	0.000000	8.469667
33.290000	467.840497	0.000000	7.513740
33.300000	467.819363	0.000000	6.557609
33.310000	467.798171	0.000000	5.601274
33.320000	467.776921	0.000000	4.644735
33.330000	467.755614	0.000000	3.687991
33.340000	467.734253	0.000000	2.731045
33.350000	467.712838	0.000000	1.773895
33.360000	467.691372	0.000000	0.816542
33.370000	467.669856	0.000000	-0.141013
