16.110000	20.784184	-9.588908	9.592018
16.120000	20.766985	-9.588905	9.592015
16.130000	20.750263	-9.588902	9.592012
16.140000	20.734019	-9.588897	9.592007
16.150000	20.718252	-9.588890	9.592001
16.160000	20.702962	-9.588883	9.591993
16.170000	20.688150	-9.588874	9.591984
16.180000	20.673817	-9.588864	9.591974
16.190000	20.659961	-9.588852	9.591962
16.200000	20.646584	-9.588839	9.591949
16.210000	20.633684	-9.588825	9.591935
16.220000	20.621263	-9.588810	9.591920
16.230000	20.609321	-9.588793	9.591903
16.240000	20.597856	-9.588775	9.591885
16.250000	20.586870	-9.588756	9.591866
16.260000	20.576362	-9.588735	9.591845
16.270000	20.566331	-9.588713	9.591823
16.280000	20.556779	-9.588690	9.591800
16.290000	20.547703	-9.588665	9.591775
16.300000	20.539106	-9.588639	9.591749
16.310000	20.530985	-9.588612	9.591722
16.320000	20.523341	-9.588584	9.591694
16.330000	20.516173	-9.588554	9.591664
16.340000	20.509481	-9.588523	9.591633
16.350000	20.503265	-9.588491	9.591601
16.360000	20.497525	-9.588457	9.591567
16.370000	20.492259	-9.588422	9.591532
16.380000	20.487467	-9.588386	9.591496
16.390000	20.483149	-9.588348	9.591458
16.400000	20.479304	-9.588310	9.591419
16.410000	20.475932	-9.588269	9.591379
16.420000	20.473032	-9.588228	9.591338
16.430000	20.470603	-9.588185	9.591295
16.440000	20.468645	-9.588141	9.591251
16.450000	20.467157	-9.588096	9.591206
16.460000	20.466138	-9.588049	9.591159
16.470000	20.465587	-9.588002	9.591111
16.480000	20.465504	-9.587952	9.591062
16.490000	20.465888	-9.587902	9.591012
16.500000	20.466738	-9.587850	9.590960
16.510000	20.468053	-9.587797	9.590907
16.520000	20.469831	-9.587743	9.590853
16.530000	20.472074	-9.587687	9.590797
16.540000	20.474778	-9.587630	9.590740
16.550000	20.477943	-9.587572	9.590682
16.560000	20.481568	-9.587513	9.590622
16.570000	20.485653	-9.587452	9.590562
16.580000	20.490195	-9.587390	9.590500
16.590000	20.495194	-9.587327	9.590436
16.600000	20.500649	-9.587262	9.590372
16.610000	20.506558	-9.587196	9.590306
16.620000	20.512921	-9.587129	9.590239
16.630000	20.519735	-9.587061	9.590170
16.640000	20.527001	-9.586991	9.590101
16.650000	20.534715	-9.586920	9.590030
16.660000	20.542878	-9.586848	9.589957
16.670000	20.551487	-9.586774	9.589884
16.680000	20.560542	-9.586700	9.589809
16.690000	20.570041	-9.586624	9.589733
16.700000	20.579982	-9.586546	9.589655
16.710000	20.590365	-9.586468	9.589577
16.720000	20.601187	-9.586388	9.589497
16.730000	20.612447	-9.586306	9.589416
16.740000	20.624144	-9.586224	9.589333
16.750000	20.636276	-9.586140	9.589249
16.760000	20.648842	-9.586055	9.589164
16.770000	20.661839	-9.585969	9.589078
16.780000	20.675267	-9.585881	9.588991
16.790000	20.689124	-9.585793	9.588902
16.800000	20.703407	-9.585703	9.588812
16.810000	20.718116	-9.585611	9.588720
16.820000	20.733249	-9.585519	9.588628
16.830000	20.748803	-9.585425	9.588534
16.840000	20.764778	-9.585330	9.588439
16.850000	20.781171	-9.585233	9.588342
16.860000	20.797981	-9.585136	9.588244
16.870000	20.815206	-9.585037	9.588145
16.880000	20.832844	-9.584936	9.588045
16.890000	20.850894	-9.584835	9.587944
16.900000	20.869353	-9.584732	9.587841
16.910000	20.888219	-9.584628	9.587737
16.920000	20.907491	-9.584523	9.587631
16.930000	20.927167	-9.584416	9.587525
16.940000	20.947245	-9.584308	9.587417
16.950000	20.967723	-9.584199	9.587308
16.960000	20.988599	-9.584089	9.587198
16.970000	21.009872	-9.583977	9.587086
16.980000	21.031538	-9.583865	9.586973
16.990000	21.053597	-9.583751	9.586859
17.000000	21.076045	-9.583635	9.586744
17.010000	21.098882	-9.583519	9.586627
17.020000	21.122106	-9.583401	9.586509
17.030000	21.145713	-9.583281	9.586390
17.040000	21.169702	-9.583161	9.586269
17.050000	21.194072	-9.583039	9.586148
17.060000	21.218820	-9.582916	9.586025
17.070000	21.243943	-9.582792	9.585900
17.080000	21.269441	-9.582667	9.585775
17.090000	21.295310	-9.582540	9.585648
17.100000	21.321549	-9.582412	9.585520
17.110000	21.348156	-9.582283	9.585391
17.120000	21.375128	-9.582153	9.585260
17.130000	21.402463	-9.582021	9.585129
17.140000	21.430160	-9.581888	9.584996
17.150000	21.458216	-9.581754	9.584861
17.160000	21.486629	-9.581618	9.584726
17.170000	21.515397	-9.581481	9.584589
17.180000	21.544517	-9.581343	9.584451
17.190000	21.573988	-9.581204	9.584312
17.200000	21.603807	-9.581064	9.584171
17.210000	21.633973	-9.580922	9.584029
17.220000	21.664483	-9.580779	9.583886
17.230000	21.695334	-9.580635	9.583742
17.240000	21.726525	-9.580489	9.583597
17.250000	21.758054	-9.580343	9.583450
17.260000	21.789918	-9.580195	9.583302
17.270000	21.822115	-9.580045	9.583153
17.280000	21.854643	-9.579895	9.583002
17.290000	21.887500	-9.579743	9.582850
17.300000	21.920684	-9.579590	9.582697
17.310000	21.954192	-9.579436	9.582543
17.320000	21.988022	-9.579280	9.582387
17.330000	22.022172	-9.579124	9.582231
17.340000	22.056640	-9.578966	9.582073
17.350000	22.091424	-9.578806	9.581913
17.360000	22.126521	-9.578646	9.581753
17.370000	22.161929	-9.578484	9.581591
17.380000	22.197647	-9.578321	9.581428
17.390000	22.233671	-9.578157	9.581264
17.400000	22.270000	-9.577992	9.581098
17.410000	22.306632	-9.577825	9.580932
17.420000	22.343564	-9.577657	9.580764
17.430000	22.380794	-9.577488	9.580594
17.440000	22.418320	-9.577318	9.580424
17.450000	22.456139	-9.577146	9.580252
17.460000	22.494251	-9.576973	9.580079
17.470000	22.532652	-9.576799	9.579905
17.480000	22.571340	-9.576623	9.579730
17.490000	22.610314	-9.576447	9.579553
17.500000	22.649570	-9.576269	9.579375
17.510000	22.689108	-9.576090	9.579196
17.520000	22.728924	-9.575909	9.579015
17.530000	22.769016	-9.575728	9.578834
17.540000	22.809384	-9.575545	9.578651
17.550000	22.850023	-9.575361	9.578467
17.560000	22.890933	-9.575176	9.578281
17.570000	22.932111	-9.574989	9.578095
17.580000	22.973555	-9.574801	9.577907
17.590000	23.015262	-9.574612	9.577718
17.600000	23.057232	-9.574422	9.577527
17.610000	23.099461	-9.574231	9.577336
17.620000	23.141948	-9.574038	9.577143
17.630000	23.184691	-9.573844	9.576949
17.640000	23.227687	-9.573649	9.576754
17.650000	23.270934	-9.573452	9.576557
17.660000	23.314431	-9.573255	9.576360
17.670000	23.358175	-9.573056	9.576161
17.680000	23.402165	-9.572855	9.575960
17.690000	23.446398	-9.572654	9.575759
17.700000	23.490872	-9.572451	9.575556
17.710000	23.535585	-9.572248	9.575352
17.720000	23.580536	-9.572042	9.575147
17.730000	23.625722	-9.571836	9.574941
17.740000	23.671141	-9.571629	9.574733
17.750000	23.716792	-9.571420	9.574524
17.760000	23.762672	-9.571210	9.574314
17.770000	23.808779	-9.570998	9.574103
17.780000	23.855112	-9.570786	9.573890
17.790000	23.901669	-9.570572	9.573676
17.800000	23.948447	-9.570357	9.573461
17.810000	23.995444	-9.570141	9.573245
17.820000	24.042660	-9.569924	9.573028
17.830000	24.090091	-9.569705	9.572809
17.840000	24.137737	-9.569485	9.572589
17.850000	24.185594	-9.569264	9.572368
17.860000	24.233662	-9.569042	9.572145
17.870000	24.281938	-9.568818	9.571922
17.880000	24.330421	-9.568593	9.571697
17.890000	24.379109	-9.568367	9.571471
17.900000	24.427999	-9.568140	9.571243
17.910000	24.477091	-9.567911	9.571015
17.920000	24.526382	-9.567682	9.570785
17.930000	24.575870	-9.567451	9.570554
17.940000	24.625554	-9.567218	9.570321
17.950000	24.675432	-9.566985	9.570088
17.960000	24.725502	-9.566750	9.569853
17.970000	24.775763	-9.566514	9.569617
17.980000	24.826212	-9.566277	9.569380
17.990000	24.876848	-9.566039	9.569142
18.000000	24.927669	-9.565799	9.568902
18.010000	24.978674	-9.565559	9.568661
18.020000	25.029861	-9.565317	9.568419
18.030000	25.081228	-9.565073	9.568176
18.040000	25.132773	-9.564829	9.567931
18.050000	25.184495	-9.564583	9.567685
18.060000	25.236393	-9.564336	9.567438
18.070000	25.288464	-9.564088	9.567190
18.080000	25.340706	-9.563839	9.566941
18.090000	25.393119	-9.563588	9.566690
18.100000	25.445701	-9.563336	9.566438
18.110000	25.498449	-9.563083	9.566185
18.120000	25.551363	-9.562829	9.565930
18.130000	25.604441	-9.562573	9.565675
18.140000	25.657681	-9.562316	9.565418
18.150000	25.711082	-9.562058	9.565160
18.160000	25.764642	-9.561799	9.564901
18.170000	25.818359	-9.561539	9.564640
18.180000	25.872233	-9.561277	9.564378
18.190000	25.926261	-9.561014	9.564115
18.200000	25.980443	-9.560750	9.563851
18.210000	26.034775	-9.560485	9.563586
18.220000	26.089259	-9.560218	9.563319
18.230000	26.143890	-9.559950	9.563051
18.240000	26.198669	-9.559681	9.562782
18.250000	26.253594	-9.559411	9.562512
18.260000	26.308662	-9.559140	9.562240
18.270000	26.363874	-9.558867	9.561967
18.280000	26.419227	-9.558593	9.561693
18.290000	26.474720	-9.558318	9.561418
18.300000	26.530352	-9.558042	9.561142
18.310000	26.586121	-9.557764	9.560864
18.320000	26.642025	-9.557485	9.560585
18.330000	26.698064	-9.557205	9.560305
18.340000	26.754236	-9.556924	9.560024
18.350000	26.810540	-9.556642	9.559741
18.360000	26.866974	-9.556358	9.559457
18.370000	26.923538	-9.556073	9.559172
18.380000	26.980229	-9.555787	9.558886
18.390000	27.037046	-9.555499	9.558599
18.400000	27.093989	-9.555211	9.558310
18.410000	27.151055	-9.554921	9.558020
18.420000	27.208244	-9.554630	9.557729
18.430000	27.265554	-9.554338	9.557436
18.440000	27.322984	-9.554044	9.557143
18.450000	27.380532	-9.553749	9.556848
18.460000	27.438198	-9.553453	9.556552
18.470000	27.495981	-9.553156	9.556255
18.480000	27.553878	-9.552858	9.555956
18.490000	27.611889	-9.552558	9.555657
18.500000	27.670013	-9.552257	9.555356
18.510000	27.728248	-9.551955	9.555053
18.520000	27.786593	-9.551652	9.554750
18.530000	27.845047	-9.551348	9.554446
18.540000	27.903609	-9.551042	9.554140
18.550000	27.962278	-9.550735	9.553833
18.560000	28.021052	-9.550427	9.553524
18.570000	28.079930	-9.550117	9.553215
18.580000	28.138911	-9.549807	9.552904
18.590000	28.197995	-9.549495	9.552592
18.600000	28.257179	-9.549182	9.552279
18.610000	28.316463	-9.548868	9.551965
18.620000	28.375846	-9.548552	9.551649
18.630000	28.435327	-9.548235	9.551332
18.640000	28.494904	-9.547917	9.551014
18.650000	28.554576	-9.547598	9.550695
18.660000	28.614343	-9.547278	9.550374
18.670000	28.674202	-9.546956	9.550053
18.680000	28.734154	-9.546633	9.549730
18.690000	28.794198	-9.546309	9.549405
18.700000	28.854331	-9.545984	9.549080
18.710000	28.914553	-9.545657	9.548753
18.720000	28.974863	-9.545330	9.548426
18.730000	29.035261	-9.545001	9.548097
18.740000	29.095744	-9.544671	9.547766
18.750000	29.156312	-9.544339	9.547435
18.760000	29.216965	-9.544006	9.547102
18.770000	29.277700	-9.543673	9.546768
18.780000	29.338517	-9.543338	9.546433
18.790000	29.399415	-9.543001	9.546096
18.800000	29.460393	-9.542664	9.545759
18.810000	29.521451	-9.542325	9.545420
18.820000	29.582586	-9.541985	9.545080
18.830000	29.643799	-9.541644	9.544739
18.840000	29.705087	-9.541301	9.544396
18.850000	29.766452	-9.540958	9.544052
18.860000	29.827890	-9.540613	9.543707
18.870000	29.889402	-9.540267	9.543361
18.880000	29.950987	-9.539919	9.543014
18.890000	30.012643	-9.539571	9.542665
18.900000	30.074369	-9.539221	9.542315
18.910000	30.136166	-9.538870	9.541964
18.920000	30.198032	-9.538518	9.541612
18.930000	30.259966	-9.538165	9.541258
18.940000	30.321966	-9.537810	9.540903
18.950000	30.384034	-9.537454	9.540547
18.960000	30.446166	-9.537097	9.540190
18.970000	30.508364	-9.536739	9.539832
18.980000	30.570625	-9.536379	9.539472
18.990000	30.632949	-9.536018	9.539111
19.000000	30.695335	-9.535656	9.538749
19.010000	30.757783	-9.535293	9.538386
19.020000	30.820291	-9.534929	9.538021
19.030000	30.882858	-9.534563	9.537655
19.040000	30.945485	-9.534196	9.537288
19.050000	31.008169	-9.533828	9.536920
19.060000	31.070911	-9.533459	9.536551
19.070000	31.133709	-9.533088	9.536180
19.080000	31.196563	-9.532716	9.535808
19.090000	31.259472	-9.532343	9.535435
19.100000	31.322435	-9.531969	9.535060
19.110000	31.385452	-9.531593	9.534685
19.120000	31.448521	-9.531217	9.534308
19.130000	31.511642	-9.530839	9.533930
19.140000	31.574814	-9.530460	9.533551
19.150000	31.638037	-9.530079	9.533170
19.160000	31.701309	-9.529698	9.532788
19.170000	31.764631	-9.529315	9.532405
19.180000	31.828000	-9.528931	9.532021
19.190000	31.891417	-9.528545	9.531636
19.200000	31.954881	-9.528159	9.531249
19.210000	32.018392	-9.527771	9.530861
19.220000	32.081947	-9.527382	9.530472
19.230000	32.145548	-9.526992	9.530082
19.240000	32.209192	-9.526601	9.529690
19.250000	32.272880	-9.526208	9.529298
19.260000	32.336611	-9.525814	9.528904
19.270000	32.400384	-9.525419	9.528508
19.280000	32.464198	-9.525023	9.528112
19.290000	32.528053	-9.524625	9.527714
19.300000	32.591948	-9.524226	9.527315
19.310000	32.655883	-9.523826	9.526915
19.320000	32.719856	-9.523425	9.526514
19.330000	32.783868	-9.523022	9.526111
19.340000	32.847917	-9.522619	9.525707
19.350000	32.912004	-9.522214	9.525302
19.360000	32.976127	-9.521808	9.524896
19.370000	33.040285	-9.521400	9.524488
19.380000	33.104479	-9.520992	9.524080
19.390000	33.168707	-9.520582	9.523670
19.400000	33.232970	-9.520171	9.523259
19.410000	33.297266	-9.519758	9.522846
19.420000	33.361594	-9.519345	9.522432
19.430000	33.425955	-9.518930	9.522017
19.440000	33.490348	-9.518514	9.521601
19.450000	33.554771	-9.518097	9.521184
19.460000	33.619226	-9.517678	9.520765
19.470000	33.683710	-9.517259	9.520346
19.480000	33.748224	-9.516838	9.519924
19.490000	33.812767	-9.516416	9.519502
19.500000	33.877338	-9.515992	9.519079
19.510000	33.941937	-9.515568	9.518654
19.520000	34.006563	-9.515142	9.518228
19.530000	34.071216	-9.514715	9.517801
19.540000	34.135895	-9.514286	9.517372
19.550000	34.200601	-9.513857	9.516942
19.560000	34.265331	-9.513426	9.516512
19.570000	34.330086	-9.512994	9.516079
19.580000	34.394865	-9.512561	9.515646
19.590000	34.459668	-9.512126	9.515211
19.600000	34.524495	-9.511690	9.514776
19.610000	34.589344	-9.511254	9.514338
19.620000	34.654215	-9.510815	9.513900
19.630000	34.719108	-9.510376	9.513461
19.640000	34.784023	-9.509935	9.513020
19.650000	34.848958	-9.509493	9.512578
19.660000	34.913914	-9.509050	9.512134
19.670000	34.978890	-9.508606	9.511690
19.680000	35.043885	-9.508160	9.511244
19.690000	35.108899	-9.507713	9.510797
19.700000	35.173931	-9.507265	9.510349
19.710000	35.238982	-9.506816	9.509899
19.720000	35.304050	-9.506365	9.509449
19.730000	35.369136	-9.505914	9.508997
19.740000	35.434238	-9.505461	9.508544
19.750000	35.499356	-9.505006	9.508089
19.760000	35.564491	-9.504551	9.507634
19.770000	35.629641	-9.504094	9.507177
19.780000	35.694806	-9.503636	9.506719
19.790000	35.759985	-9.503177	9.506259
19.800000	35.825179	-9.502716	9.505799
19.810000	35.890387	-9.502255	9.505337
19.820000	35.955607	-9.501792	9.504874
19.830000	36.020841	-9.501328	9.504409
19.840000	36.086088	-9.500862	9.503944
19.850000	36.151346	-9.500395	9.503477
19.860000	36.216617	-9.499928	9.503009
19.870000	36.281899	-9.499458	9.502539
19.880000	36.347191	-9.498988	9.502069
19.890000	36.412495	-9.498516	9.501597
19.900000	36.477808	-9.498043	9.501124
19.910000	36.543132	-9.497569	9.500650
19.920000	36.608464	-9.497094	9.500174
19.930000	36.673806	-9.496617	9.499698
19.940000	36.739157	-9.496140	9.499220
19.950000	36.804515	-9.495660	9.498740
19.960000	36.869882	-9.495180	9.498260
19.970000	36.935257	-9.494698	9.497778
19.980000	37.000638	-9.494216	9.497295
19.990000	37.066026	-9.493732	9.496811
20.000000	37.131421	-9.493246	9.496325
20.010000	37.196822	-9.492760	9.495839
20.020000	37.262229	-9.492272	9.495351
20.030000	37.327641	-9.491783	9.494861
20.040000	37.393059	-9.491292	9.494371
20.050000	37.458481	-9.490801	9.493879
20.060000	37.523907	-9.490308	9.493386
20.070000	37.589337	-9.489814	9.492892
20.080000	37.654771	-9.489319	9.492396
20.090000	37.720209	-9.488822	9.491900
20.100000	37.785649	-9.488324	9.491402
20.110000	37.851092	-9.487825	9.490902
20.120000	37.916538	-9.487325	9.490402
20.130000	37.981985	-9.486823	9.489900
20.140000	38.047435	-9.486320	9.489397
20.150000	38.112885	-9.485816	9.488893
20.160000	38.178337	-9.485311	9.488388
20.170000	38.243789	-9.484804	9.487881
20.180000	38.309242	-9.484297	9.487373
20.190000	38.374694	-9.483788	9.486864
20.200000	38.440147	-9.483277	9.486353
20.210000	38.505599	-9.482766	9.485841
20.220000	38.571050	-9.482253	9.485328
20.230000	38.636500	-9.481739	9.484814
20.240000	38.701948	-9.481223	9.484298
20.250000	38.767394	-9.480707	9.483782
20.260000	38.832839	-9.480189	9.483264
20.270000	38.898281	-9.479670	9.482744
20.280000	38.963720	-9.479149	9.482224
20.290000	39.029156	-9.478628	9.481702
20.300000	39.094589	-9.478105	9.481179
20.310000	39.160018	-9.477580	9.480654
20.320000	39.225444	-9.477055	9.480129
20.330000	39.290865	-9.476528	9.479602
20.340000	39.356281	-9.476000	9.479074
20.350000	39.421693	-9.475471	9.478544
20.360000	39.487100	-9.474941	9.478014
20.370000	39.552501	-9.474409	9.477482
20.380000	39.617897	-9.473876	9.476949
20.390000	39.683286	-9.473342	9.476414
20.400000	39.748670	-9.472806	9.475879
20.410000	39.814047	-9.472269	9.475342
20.420000	39.879417	-9.471731	9.474803
20.430000	39.944780	-9.471192	9.474264
20.440000	40.010135	-9.470651	9.473723
20.450000	40.075483	-9.470110	9.473181
20.460000	40.140824	-9.469566	9.472638
20.470000	40.206156	-9.469022	9.472093
20.480000	40.271479	-9.468476	9.471547
20.490000	40.336794	-9.467929	9.471000
20.500000	40.402100	-9.467381	9.470452
20.510000	40.467396	-9.466832	9.469902
20.520000	40.532683	-9.466281	9.469351
20.530000	40.597961	-9.465729	9.468799
20.540000	40.663228	-9.465176	9.468246
20.550000	40.728485	-9.464621	9.467691
20.560000	40.793732	-9.464065	9.467135
20.570000	40.858967	-9.463508	9.466578
20.580000	40.924192	-9.462950	9.466019
20.590000	40.989406	-9.462390	9.465459
20.600000	41.054608	-9.461829	9.464898
20.610000	41.119798	-9.461267	9.464336
20.620000	41.184976	-9.460704	9.463772
20.630000	41.250142	-9.460139	9.463207
20.640000	41.315296	-9.459573	9.462641
20.650000	41.380437	-9.459006	9.462074
20.660000	41.445564	-9.458437	9.461505
20.670000	41.510679	-9.457867	9.460935
20.680000	41.575780	-9.457296	9.460363
20.690000	41.640868	-9.456724	9.459791
20.700000	41.705942	-9.456150	9.459217
20.710000	41.771002	-9.455575	9.458642
20.720000	41.836047	-9.454999	9.458065
20.730000	41.901078	-9.454421	9.457488
20.740000	41.966095	-9.453842	9.456909
20.750000	42.031096	-9.453262	9.456328
20.760000	42.096082	-9.452681	9.455747
20.770000	42.161053	-9.452098	9.455164
20.780000	42.226008	-9.451514	9.454580
20.790000	42.290948	-9.450929	9.453995
20.800000	42.355871	-9.450343	9.453408
20.810000	42.420779	-9.449755	9.452820
20.820000	42.485670	-9.449166	9.452231
20.830000	42.550544	-9.448575	9.451640
20.840000	42.615402	-9.447984	9.451048
20.850000	42.680243	-9.447391	9.450455
20.860000	42.745067	-9.446797	9.449861
20.870000	42.809873	-9.446201	9.449265
20.880000	42.874662	-9.445604	9.448668
20.890000	42.939433	-9.445006	9.448070
20.900000	43.004186	-9.444407	9.447470
20.910000	43.068921	-9.443806	9.446869
20.920000	43.133638	-9.443204	9.446267
20.930000	43.198337	-9.442601	9.445663
20.940000	43.263017	-9.441996	9.445059
20.950000	43.327678	-9.441390	9.444453
20.960000	43.392320	-9.440783	9.443845
20.970000	43.456944	-9.440175	9.443237
20.980000	43.521548	-9.439565	9.442627
20.990000	43.586132	-9.438954	9.442015
21.000000	43.650697	-9.438342	9.441403
21.010000	43.715242	-9.437728	9.440789
21.020000	43.779767	-9.437113	9.440174
21.030000	43.844273	-9.436497	9.439557
21.040000	43.908758	-9.435879	9.438940
21.050000	43.973222	-9.435260	9.438321
21.060000	44.037666	-9.434640	9.437700
21.070000	44.102090	-9.434019	9.437079
21.080000	44.166492	-9.433396	9.436456
21.090000	44.230874	-9.432772	9.435831
21.100000	44.295234	-9.432147	9.435206
21.110000	44.359573	-9.431520	9.434579
21.120000	44.423891	-9.430892	9.433951
21.130000	44.488187	-9.430263	9.433321
21.140000	44.552462	-9.429632	9.432691
21.150000	44.616714	-9.429000	9.432059
21.160000	44.680945	-9.428367	9.431425
21.170000	44.745153	-9.427733	9.430790
21.180000	44.809340	-9.427097	9.430154
21.190000	44.873504	-9.426460	9.429517
21.200000	44.937645	-9.425821	9.428878
21.210000	45.001764	-9.425181	9.428238
21.220000	45.065860	-9.424540	9.427597
21.230000	45.129933	-9.423898	9.426955
21.240000	45.193982	-9.423254	9.426311
21.250000	45.258009	-9.422609	9.425665
21.260000	45.322013	-9.421963	9.425019
21.270000	45.385993	-9.421315	9.424371
21.280000	45.449949	-9.420666	9.423722
21.290000	45.513882	-9.420016	9.423071
21.300000	45.577791	-9.419364	9.422420
21.310000	45.641676	-9.418712	9.421766
21.320000	45.705537	-9.418057	9.421112
21.330000	45.769374	-9.417402	9.420456
21.340000	45.833187	-9.416745	9.419799
21.350000	45.896975	-9.416087	9.419141
21.360000	45.960739	-9.415427	9.418481
21.370000	46.024478	-9.414766	9.417820
21.380000	46.088192	-9.414104	9.417157
21.390000	46.151882	-9.413440	9.416494
21.400000	46.215546	-9.412776	9.415829
21.410000	46.279186	-9.412109	9.415162
21.420000	46.342800	-9.411442	9.414494
21.430000	46.406389	-9.410773	9.413825
21.440000	46.469952	-9.410103	9.413155
21.450000	46.533490	-9.409431	9.412483
21.460000	46.597002	-9.408759	9.411810
21.470000	46.660489	-9.408084	9.411136
21.480000	46.723950	-9.407409	9.410460
21.490000	46.787384	-9.406732	9.409783
21.500000	46.850793	-9.406054	9.409105
21.510000	46.914175	-9.405375	9.408425
21.520000	46.977531	-9.404694	9.407744
21.530000	47.040861	-9.404011	9.407062
21.540000	47.104164	-9.403328	9.406378
21.550000	47.167441	-9.402643	9.405693
21.560000	47.230691	-9.401957	9.405006
21.570000	47.293914	-9.401269	9.404319
21.580000	47.357110	-9.400581	9.403629
21.590000	47.420279	-9.399890	9.402939
21.600000	47.483420	-9.399199	9.402247
21.610000	47.546535	-9.398506	9.401554
21.620000	47.609622	-9.397812	9.400860
21.630000	47.672682	-9.397116	9.400164
21.640000	47.735714	-9.396419	9.399467
21.650000	47.798718	-9.395721	9.398768
21.660000	47.861695	-9.395021	9.398068
21.670000	47.924643	-9.394320	9.397367
21.680000	47.987564	-9.393618	9.396664
21.690000	48.050457	-9.392914	9.395960
21.700000	48.113321	-9.392209	9.395255
21.710000	48.176157	-9.391502	9.394548
21.720000	48.238964	-9.390795	9.393840
21.730000	48.301743	-9.390085	9.393131
21.740000	48.364494	-9.389375	9.392420
21.750000	48.427215	-9.388663	9.391708
21.760000	48.489908	-9.387950	9.390995
21.770000	48.552572	-9.387235	9.390280
21.780000	48.615206	-9.386519	9.389564
21.790000	48.677812	-9.385802	9.388846
21.800000	48.740388	-9.385083	9.388127
21.810000	48.802935	-9.384363	9.387407
21.820000	48.865452	-9.383642	9.386686
21.830000	48.927940	-9.382919	9.385963
21.840000	48.990397	-9.382195	9.385238
21.850000	49.052825	-9.381470	9.384512
21.860000	49.115224	-9.380743	9.383785
21.870000	49.177592	-9.380015	9.383057
21.880000	49.239930	-9.379285	9.382327
21.890000	49.302237	-9.378554	9.381596
21.900000	49.364514	-9.377822	9.380863
21.910000	49.426761	-9.377088	9.380129
21.920000	49.488977	-9.376353	9.379394
21.930000	49.551163	-9.375616	9.378657
21.940000	49.613318	-9.374878	9.377919
21.950000	49.675441	-9.374139	9.377180
21.960000	49.737534	-9.373399	9.376439
21.970000	49.799596	-9.372657	9.375697
21.980000	49.861626	-9.371913	9.374953
21.990000	49.923625	-9.371169	9.374208
22.000000	49.985593	-9.370422	9.373462
22.010000	50.047529	-9.369675	9.372714
22.020000	50.109434	-9.368926	9.371965
22.030000	50.171307	-9.368176	9.371214
22.040000	50.233147	-9.367424	9.370462
22.050000	50.294956	-9.366671	9.369709
22.060000	50.356733	-9.365916	9.368954
22.070000	50.418478	-9.365161	9.368198
22.080000	50.480191	-9.364403	9.367441
22.090000	50.541871	-9.363645	9.366682
22.100000	50.603519	-9.362885	9.365921
22.110000	50.665134	-9.362123	9.365160
22.120000	50.726716	-9.361360	9.364397
22.130000	50.788266	-9.360596	9.363632
22.140000	50.849783	-9.359830	9.362866
22.150000	50.911267	-9.359063	9.362099
22.160000	50.972718	-9.358295	9.361330
22.170000	51.034136	-9.357525	9.360560
22.180000	51.095521	-9.356754	9.359789
22.190000	51.156873	-9.355981	9.359016
22.200000	51.218191	-9.355207	9.358242
22.210000	51.279476	-9.354432	9.357466
22.220000	51.340727	-9.353655	9.356689
22.230000	51.401944	-9.352877	9.355910
22.240000	51.463128	-9.352097	9.355130
22.250000	51.524278	-9.351316	9.354349
22.260000	51.585394	-9.350533	9.353566
22.270000	51.646477	-9.349749	9.352782
22.280000	51.707525	-9.348964	9.351996
22.290000	51.768539	-9.348177	9.351209
22.300000	51.829519	-9.347389	9.350421
22.310000	51.890465	-9.346600	9.349631
22.320000	51.951376	-9.345809	9.348840
22.330000	52.012253	-9.345016	9.348047
22.340000	52.073095	-9.344222	9.347253
22.350000	52.133903	-9.343427	9.346457
22.360000	52.194677	-9.342630	9.345661
22.370000	52.255416	-9.341832	9.344862
22.380000	52.316120	-9.341033	9.344062
22.390000	52.376789	-9.340232	9.343261
22.400000	52.437423	-9.339429	9.342458
22.410000	52.498023	-9.338625	9.341654
22.420000	52.558587	-9.337820	9.340849
22.430000	52.619117	-9.337013	9.340042
22.440000	52.679611	-9.336205	9.339233
22.450000	52.740070	-9.335396	9.338424
22.460000	52.800494	-9.334585	9.337612
22.470000	52.860883	-9.333772	9.336800
22.480000	52.921237	-9.332958	9.335985
22.490000	52.981555	-9.332143	9.335170
22.500000	53.041838	-9.331326	9.334353
22.510000	53.102085	-9.330508	9.333534
22.520000	53.162297	-9.329688	9.332714
22.530000	53.222473	-9.328867	9.331893
22.540000	53.282614	-9.328045	9.331070
22.550000	53.342719	-9.327221	9.330246
22.560000	53.402788	-9.326395	9.329420
22.570000	53.462822	-9.325568	9.328593
22.580000	53.522820	-9.324740	9.327764
22.590000	53.582782	-9.323910	9.326934
22.600000	53.642708	-9.323079	9.326103
22.610000	53.702598	-9.322246	9.325270
22.620000	53.762453	-9.321412	9.324435
22.630000	53.822271	-9.320576	9.323600
22.640000	53.882054	-9.319739	9.322762
22.650000	53.941800	-9.318901	9.321923
22.660000	54.001511	-9.318061	9.321083
22.670000	54.061185	-9.317219	9.320241
22.680000	54.120823	-9.316376	9.319398
22.690000	54.180425	-9.315532	9.318553
22.700000	54.239991	-9.314686	9.317707
22.710000	54.299520	-9.313839	9.316860
22.720000	54.359014	-9.312990	9.316011
22.730000	54.418471	-9.312140	9.315160
22.740000	54.477891	-9.311288	9.314308
22.750000	54.537276	-9.310435	9.313454
22.760000	54.596624	-9.309580	9.312599
22.770000	54.655935	-9.308724	9.311743
22.780000	54.715210	-9.307866	9.310885
22.790000	54.774449	-9.307007	9.310026
22.800000	54.833651	-9.306146	9.309165
22.810000	54.892817	-9.305284	9.308302
22.820000	54.951946	-9.304421	9.307438
22.830000	55.011038	-9.303555	9.306573
22.840000	55.070094	-9.302689	9.305706
22.850000	55.129113	-9.301821	9.304838
22.860000	55.188096	-9.300951	9.303968
22.870000	55.247042	-9.300080	9.303097
22.880000	55.305951	-9.299208	9.302224
22.890000	55.364824	-9.298334	9.301349
22.900000	55.423660	-9.297458	9.300474
22.910000	55.482459	-9.296581	9.299596
22.920000	55.541221	-9.295702	9.298717
22.930000	55.599946	-9.294822	9.297837
22.940000	55.658635	-9.293941	9.296955
22.950000	55.717286	-9.293058	9.296072
22.960000	55.775901	-9.292173	9.295187
22.970000	55.834479	-9.291287	9.294301
22.980000	55.893020	-9.290400	9.293413
22.990000	55.951524	-9.289510	9.292523
23.000000	56.009991	-9.288620	9.291633
23.010000	56.068421	-9.287728	9.290740
23.020000	56.126814	-9.286834	9.289846
23.030000	56.185170	-9.285939	9.288951
23.040000	56.243489	-9.285042	9.288054
23.050000	56.301771	-9.284144	9.287155
23.060000	56.360015	-9.283244	9.286255
23.070000	56.418223	-9.282343	9.285354
23.080000	56.476393	-9.281440	9.284451
23.090000	56.534526	-9.280536	9.283546
23.100000	56.592622	-9.279630	9.282640
23.110000	56.650680	-9.278723	9.281732
23.120000	56.708701	-9.277814	9.280823
23.130000	56.766685	-9.276904	9.279913
23.140000	56.824632	-9.275992	9.279000
23.150000	56.882541	-9.275078	9.278087
23.160000	56.940413	-9.274163	9.277171
23.170000	56.998247	-9.273247	9.276254
23.180000	57.056044	-9.272329	9.275336
23.190000	57.113803	-9.271409	9.274416
23.200000	57.171525	-9.270488	9.273495
23.210000	57.229209	-9.269565	9.272571
23.220000	57.286856	-9.268641	9.271647
23.230000	57.344465	-9.267715	9.270721
23.240000	57.402036	-9.266787	9.269793
23.250000	57.459570	-9.265859	9.268864
23.260000	57.517066	-9.264928	9.267933
23.270000	57.574524	-9.263996	9.267001
23.280000	57.631944	-9.263062	9.266067
23.290000	57.689327	-9.262127	9.265131
23.300000	57.746671	-9.261190	9.264194
23.310000	57.803978	-9.260252	9.263256
23.320000	57.861246	-9.259312	9.262315
23.330000	57.918477	-9.258371	9.261374
23.340000	57.975669	-9.257428	9.260430
23.350000	58.032824	-9.256483	9.259486
23.360000	58.089940	-9.255537	9.258539
23.370000	58.147018	-9.254589	9.257591
23.380000	58.204058	-9.253640	9.256641
23.390000	58.261059	-9.252689	9.255690
23.400000	58.318022	-9.251737	9.254738
23.410000	58.374947	-9.250783	9.253783
23.420000	58.431833	-9.249827	9.252827
23.430000	58.488681	-9.248870	9.251870
23.440000	58.545491	-9.247911	9.250911
23.450000	58.602261	-9.246951	9.249950
23.460000	58.658993	-9.245989	9.248988
23.470000	58.715687	-9.245025	9.248024
23.480000	58.772341	-9.244060	9.247058
23.490000	58.828957	-9.243093	9.246091
23.500000	58.885534	-9.242125	9.245123
23.510000	58.942072	-9.241155	9.244152
23.520000	58.998572	-9.240183	9.243180
23.530000	59.055032	-9.239210	9.242207
23.540000	59.111453	-9.238236	9.241232
23.550000	59.167835	-9.237259	9.240255
23.560000	59.224178	-9.236281	9.239277
23.570000	59.280482	-9.235302	9.238297
23.580000	59.336746	-9.234320	9.237315
23.590000	59.392971	-9.233338	9.236332
23.600000	59.449157	-9.232353	9.235348
23.610000	59.505303	-9.231367	9.234361
23.620000	59.561410	-9.230379	9.233373
23.630000	59.617478	-9.229390	9.232384
23.640000	59.673506	-9.228399	9.231392
23.650000	59.729494	-9.227407	9.230399
23.660000	59.785442	-9.226412	9.229405
23.670000	59.841351	-9.225417	9.228409
23.680000	59.897220	-9.224419	9.227411
23.690000	59.953050	-9.223420	9.226412
23.700000	60.008839	-9.222419	9.225410
23.710000	60.064589	-9.221417	9.224408
23.720000	60.120298	-9.220413	9.223403
23.730000	60.175968	-9.219407	9.222397
23.740000	60.231597	-9.218400	9.221390
23.750000	60.287187	-9.217391	9.220381
23.760000	60.342736	-9.216380	9.219370
23.770000	60.398246	-9.215368	9.218357
23.780000	60.453715	-9.214354	9.217343
23.790000	60.509144	-9.213339	9.216327
23.800000	60.564533	-9.212321	9.215309
23.810000	60.619881	-9.211303	9.214290
23.820000	60.675189	-9.210282	9.213269
23.830000	60.730457	-9.209260	9.212247
23.840000	60.785684	-9.208236	9.211223
23.850000	60.840871	-9.207210	9.210197
23.860000	60.896018	-9.206183	9.209169
23.870000	60.951124	-9.205154	9.208140
23.880000	61.006190	-9.204124	9.207109
23.890000	61.061215	-9.203092	9.206077
23.900000	61.116199	-9.202058	9.205042
23.910000	61.171143	-9.201022	9.204006
23.920000	61.226047	-9.199985	9.202969
23.930000	61.280910	-9.198946	9.201929
23.940000	61.335732	-9.197905	9.200888
23.950000	61.390514	-9.196863	9.199846
23.960000	61.445255	-9.195819	9.198801
23.970000	61.499955	-9.194773	9.197755
23.980000	61.554615	-9.193726	9.196708
23.990000	61.609234	-9.192677	9.195658
24.000000	61.663812	-9.191626	9.194607
24.010000	61.718350	-9.190573	9.193554
24.020000	61.772847	-9.189519	9.192500
24.030000	61.827303	-9.188463	9.191443
24.040000	61.881719	-9.187405	9.190385
24.050000	61.936093	-9.186346	9.189326
24.060000	61.990428	-9.185285	9.188264
24.070000	62.044721	-9.184222	9.187201
24.080000	62.098974	-9.183158	9.186136
24.090000	62.153185	-9.182092	9.185070
24.100000	62.207357	-9.181024	9.184001
24.110000	62.261487	-9.179954	9.182931
24.120000	62.315577	-9.178883	9.181860
24.130000	62.369626	-9.177809	9.180786
24.140000	62.423634	-9.176735	9.179711
24.150000	62.477601	-9.175658	9.178634
24.160000	62.531528	-9.174580	9.177555
24.170000	62.585414	-9.173499	9.176475
24.180000	62.639260	-9.172418	9.175393
24.190000	62.693064	-9.171334	9.174309
24.200000	62.746828	-9.170249	9.173223
24.210000	62.800552	-9.169162	9.172136
24.220000	62.854234	-9.168073	9.171047
24.230000	62.907876	-9.166982	9.169956
24.240000	62.961477	-9.165890	9.168863
24.250000	63.015038	-9.164796	9.167768
24.260000	63.068558	-9.163700	9.166672
24.270000	63.122037	-9.162602	9.165574
24.280000	63.175476	-9.161503	9.164475
24.290000	63.228874	-9.160402	9.163373
24.300000	63.282231	-9.159299	9.162270
24.310000	63.335548	-9.158194	9.161165
24.320000	63.388824	-9.157088	9.160058
24.330000	63.442060	-9.155980	9.158949
24.340000	63.495255	-9.154870	9.157839
24.350000	63.548410	-9.153758	9.156727
24.360000	63.601524	-9.152644	9.155613
24.370000	63.654598	-9.151529	9.154497
24.380000	63.707631	-9.150412	9.153379
24.390000	63.760623	-9.149293	9.152260
24.400000	63.813576	-9.148172	9.151139
24.410000	63.866487	-9.147049	9.150016
24.420000	63.919358	-9.145925	9.148891
24.430000	63.972189	-9.144799	9.147765
24.440000	64.024980	-9.143671	9.146636
24.450000	64.077730	-9.142541	9.145506
24.460000	64.130439	-9.141409	9.144374
24.470000	64.183108	-9.140276	9.143240
24.480000	64.235737	-9.139141	9.142105
24.490000	64.288326	-9.138004	9.140967
24.500000	64.340874	-9.136865	9.139828
24.510000	64.393382	-9.135724	9.138687
24.520000	64.445849	-9.134581	9.137544
24.530000	64.498276	-9.133437	9.136399
24.540000	64.550663	-9.132291	9.135253
24.550000	64.603010	-9.131143	9.134104
24.560000	64.655317	-9.129993	9.132954
24.570000	64.707583	-9.128841	9.131802
24.580000	64.759809	-9.127688	9.130648
24.590000	64.811994	-9.126532	9.129492
24.600000	64.864140	-9.125375	9.128335
24.610000	64.916245	-9.124216	9.127175
24.620000	64.968310	-9.123055	9.126014
24.630000	65.020335	-9.121892	9.124850
24.640000	65.072320	-9.120727	9.123685
24.650000	65.124264	-9.119561	9.122518
24.660000	65.176169	-9.118392	9.121350
24.670000	65.228033	-9.117222	9.120179
24.680000	65.279857	-9.116050	9.119006
24.690000	65.331641	-9.114876	9.117832
24.700000	65.383385	-9.113700	9.116656
24.710000	65.435088	-9.112522	9.115477
24.720000	65.486752	-9.111342	9.114297
24.730000	65.538375	-9.110160	9.113115
24.740000	65.589958	-9.108977	9.111931
24.750000	65.641501	-9.107791	9.110746
24.760000	65.693004	-9.106604	9.109558
24.770000	65.744467	-9.105415	9.108368
24.780000	65.795890	-9.104224	9.107177
24.790000	65.847272	-9.103031	9.105983
24.800000	65.898614	-9.101836	9.104788
24.810000	65.949916	-9.100639	9.103591
24.820000	66.001178	-9.099440	9.102392
24.830000	66.052400	-9.098240	9.101191
24.840000	66.103581	-9.097037	9.099988
24.850000	66.154723	-9.095833	9.098783
24.860000	66.205824	-9.094626	9.097576
24.870000	66.256884	-9.093418	9.096367
24.880000	66.307905	-9.092207	9.095156
24.890000	66.358885	-9.090995	9.093944
24.900000	66.409825	-9.089781	9.092729
24.910000	66.460725	-9.088565	9.091513
24.920000	66.511584	-9.087347	9.090294
24.930000	66.562403	-9.086127	9.089074
24.940000	66.613181	-9.084905	9.087851
24.950000	66.663920	-9.083681	9.086627
24.960000	66.714617	-9.082455	9.085401
24.970000	66.765275	-9.081227	9.084172
24.980000	66.815891	-9.079997	9.082942
24.990000	66.866468	-9.078765	9.081710
25.000000	66.917003	-9.077532	9.080476
25.010000	66.967499	-9.076296	9.079240
25.020000	67.017953	-9.075058	9.078001
25.030000	67.068367	-9.073818	9.076761
25.040000	67.118740	-9.072577	9.075519
25.050000	67.169073	-9.071333	9.074275
25.060000	67.219365	-9.070087	9.073029
25.070000	67.269616	-9.068839	9.071781
25.080000	67.319826	-9.067590	9.070531
25.090000	67.369996	-9.066338	9.069279
25.100000	67.420124	-9.065084	9.068025
25.110000	67.470212	-9.063829	9.066768
25.120000	67.520259	-9.062571	9.065510
25.130000	67.570264	-9.061311	9.064250
25.140000	67.620229	-9.060049	9.062988
25.150000	67.670153	-9.058786	9.061724
25.160000	67.720036	-9.057520	9.060457
25.170000	67.769877	-9.056252	9.059189
25.180000	67.819677	-9.054982	9.057919
25.190000	67.869437	-9.053710	9.056647
25.200000	67.919155	-9.052436	9.055372
25.210000	67.968831	-9.051160	9.054096
25.220000	68.018467	-9.049882	9.052817
25.230000	68.068061	-9.048602	9.051537
25.240000	68.117614	-9.047320	9.050254
25.250000	68.167125	-9.046036	9.048970
25.260000	68.216595	-9.044749	9.047683
25.270000	68.266024	-9.043461	9.046394
25.280000	68.315411	-9.042170	9.045103
25.290000	68.364757	-9.040878	9.043810
25.300000	68.414061	-9.039583	9.042515
25.310000	68.463324	-9.038287	9.041218
25.320000	68.512545	-9.036988	9.039919
25.330000	68.561724	-9.035687	9.038618
25.340000	68.610862	-9.034384	9.037314
25.350000	68.659959	-9.033079	9.036009
25.360000	68.709013	-9.031772	9.034701
25.370000	68.758026	-9.030463	9.033392
25.380000	68.806998	-9.029152	9.032080
25.390000	68.855927	-9.027838	9.030766
25.400000	68.904815	-9.026523	9.029450
25.410000	68.953662	-9.025205	9.028132
25.420000	69.002466	-9.023885	9.026812
25.430000	69.051229	-9.022563	9.025489
25.440000	69.099950	-9.021239	9.024165
25.450000	69.148630	-9.019913	9.022838
25.460000	69.197267	-9.018585	9.021510
25.470000	69.245863	-9.017254	9.020179
25.480000	69.294418	-9.015921	9.018846
25.490000	69.342930	-9.014587	9.017510
25.500000	69.391401	-9.013250	9.016173
25.510000	69.439830	-9.011911	9.014834
25.520000	69.488217	-9.010569	9.013492
25.530000	69.536563	-9.009226	9.012148
25.540000	69.584866	-9.007880	9.010802
25.550000	69.633129	-9.006533	9.009454
25.560000	69.681349	-9.005183	9.008104
25.570000	69.729528	-9.003831	9.006751
25.580000	69.777665	-9.002476	9.005396
25.590000	69.825760	-9.001120	9.004039
25.600000	69.873814	-8.999761	9.002680
25.610000	69.921826	-8.998400	9.001319
25.620000	69.969797	-8.997037	8.999955
25.630000	70.017726	-8.995672	8.998590
25.640000	70.065613	-8.994304	8.997222
25.650000	70.113459	-8.992935	8.995852
25.660000	70.161263	-8.991563	8.994479
25.670000	70.209026	-8.990189	8.993105
25.680000	70.256747	-8.988812	8.991728
25.690000	70.304427	-8.987434	8.990349
25.700000	70.352065	-8.986053	8.988967
25.710000	70.399662	-8.984670	8.987584
25.720000	70.447218	-8.983284	8.986198
25.730000	70.494732	-8.981897	8.984810
25.740000	70.542205	-8.980507	8.983420
25.750000	70.589636	-8.979115	8.982027
25.760000	70.637026	-8.977721	8.980632
25.770000	70.684375	-8.976324	8.979235
25.780000	70.731683	-8.974925	8.977836
25.790000	70.778949	-8.973524	8.976434
25.800000	70.826175	-8.972120	8.975030
25.810000	70.873359	-8.970715	8.973624
25.820000	70.920502	-8.969307	8.972216
25.830000	70.967604	-8.967896	8.970805
25.840000	71.014664	-8.966484	8.969392
25.850000	71.061684	-8.965069	8.967977
25.860000	71.108663	-8.963652	8.966559
25.870000	71.155601	-8.962232	8.965139
25.880000	71.202498	-8.960810	8.963717
25.890000	71.249354	-8.959386	8.962292
25.900000	71.296169	-8.957960	8.960865
25.910000	71.342944	-8.956531	8.959436
25.920000	71.389677	-8.955100	8.958004
25.930000	71.436370	-8.953666	8.956570
25.940000	71.483022	-8.952230	8.955134
25.950000	71.529633	-8.950792	8.953695
25.960000	71.576204	-8.949352	8.952254
25.970000	71.622734	-8.947909	8.950811
25.980000	71.669224	-8.946463	8.949365
25.990000	71.715673	-8.945016	8.947917
26.000000	71.762081	-8.943566	8.946467
26.010000	71.808449	-8.942113	8.945014
26.020000	71.854777	-8.940659	8.943558
26.030000	71.901064	-8.939201	8.942101
26.040000	71.947310	-8.937742	8.940641
26.050000	71.993517	-8.936280	8.939178
26.060000	72.039682	-8.934816	8.937714
26.070000	72.085808	-8.933349	8.936246
26.080000	72.131894	-8.931880	8.934777
26.090000	72.177939	-8.930408	8.933305
26.100000	72.223944	-8.928934	8.931830
26.110000	72.269909	-8.927458	8.930353
26.120000	72.315833	-8.925979	8.928874
26.130000	72.361718	-8.924498	8.927392
26.140000	72.407562	-8.923014	8.925908
26.150000	72.453367	-8.921528	8.924421
26.160000	72.499131	-8.920039	8.922932
26.170000	72.544856	-8.918548	8.921440
26.180000	72.590540	-8.917054	8.919946
26.190000	72.636185	-8.915558	8.918450
26.200000	72.681789	-8.914060	8.916951
26.210000	72.727354	-8.912559	8.915449
26.220000	72.772879	-8.911055	8.913945
26.230000	72.818364	-8.909549	8.912439
26.240000	72.863809	-8.908041	8.910930
26.250000	72.909215	-8.906530	8.909418
26.260000	72.954580	-8.905016	8.907905
26.270000	72.999906	-8.903500	8.906388
26.280000	73.045192	-8.901982	8.904869
26.290000	73.090439	-8.900461	8.903348
26.300000	73.135646	-8.898937	8.901823
26.310000	73.180813	-8.897411	8.900297
26.320000	73.225940	-8.895882	8.898768
26.330000	73.271028	-8.894351	8.897236
26.340000	73.316076	-8.892818	8.895702
26.350000	73.361084	-8.891281	8.894165
26.360000	73.406053	-8.889742	8.892626
26.370000	73.450982	-8.888201	8.891084
26.380000	73.495872	-8.886657	8.889539
26.390000	73.540722	-8.885110	8.887992
26.400000	73.585532	-8.883561	8.886442
26.410000	73.630303	-8.882009	8.884890
26.420000	73.675034	-8.880455	8.883335
26.430000	73.719725	-8.878898	8.881778
26.440000	73.764377	-8.877339	8.880218
26.450000	73.808990	-8.875776	8.878655
26.460000	73.853562	-8.874212	8.877090
26.470000	73.898095	-8.872644	8.875522
26.480000	73.942589	-8.871074	8.873951
26.490000	73.987042	-8.869501	8.872378
26.500000	74.031456	-8.867926	8.870802
26.510000	74.075831	-8.866348	8.869224
26.520000	74.120165	-8.864767	8.867643
26.530000	74.164460	-8.863184	8.866059
26.540000	74.208716	-8.861598	8.864472
26.550000	74.252931	-8.860009	8.862883
26.560000	74.297107	-8.858418	8.861291
26.570000	74.341243	-8.856824	8.859697
26.580000	74.385339	-8.855227	8.858099
26.590000	74.429395	-8.853628	8.856500
26.600000	74.473412	-8.852026	8.854897
26.610000	74.517388	-8.850421	8.853292
26.620000	74.561325	-8.848813	8.851683
26.630000	74.605221	-8.847203	8.850073
26.640000	74.649078	-8.845590	8.848459
26.650000	74.692895	-8.843974	8.846843
26.660000	74.736672	-8.842356	8.845224
26.670000	74.780408	-8.840735	8.843602
26.680000	74.824105	-8.839111	8.841977
26.690000	74.867761	-8.837484	8.840350
26.700000	74.911377	-8.835854	8.838720
26.710000	74.954953	-8.834222	8.837087
26.720000	74.998489	-8.832587	8.835452
26.730000	75.041985	-8.830949	8.833813
26.740000	75.085440	-8.829308	8.832172
26.750000	75.128855	-8.827665	8.830528
26.760000	75.172230	-8.826018	8.828881
26.770000	75.215564	-8.824369	8.827231
26.780000	75.258858	-8.822717	8.825579
26.790000	75.302112	-8.821063	8.823924
26.800000	75.345325	-8.819405	8.822265
26.810000	75.388497	-8.817744	8.820604
26.820000	75.431629	-8.816081	8.818941
26.830000	75.474721	-8.814415	8.817274
26.840000	75.517772	-8.812746	8.815604
26.850000	75.560782	-8.811074	8.813932
26.860000	75.603752	-8.809399	8.812256
26.870000	75.646681	-8.807722	8.810578
26.880000	75.689570	-8.806041	8.808897
26.890000	75.732418	-8.804358	8.807213
26.900000	75.775225	-8.802671	8.805526
26.910000	75.817991	-8.800982	8.803836
26.920000	75.860717	-8.799290	8.802144
26.930000	75.903402	-8.797594	8.800448
26.940000	75.946047	-8.795896	8.798749
26.950000	75.988650	-8.794195	8.797048
26.960000	76.031213	-8.792491	8.795343
26.970000	76.073736	-8.790784	8.793636
26.980000	76.116217	-8.789074	8.791925
26.990000	76.158658	-8.787362	8.790212
27.000000	76.201058	-8.785646	8.788495
27.010000	76.243417	-8.783927	8.786776
27.020000	76.285736	-8.782205	8.785053
27.030000	76.328014	-8.780480	8.783328
27.040000	76.370251	-8.778752	8.781600
27.050000	76.412447	-8.777021	8.779868
27.060000	76.454603	-8.775287	8.778134
27.070000	76.496718	-8.773550	8.776396
27.080000	76.538792	-8.771810	8.774656
27.090000	76.580826	-8.770067	8.772912
27.100000	76.622819	-8.768321	8.771165
27.110000	76.664771	-8.766572	8.769415
27.120000	76.706683	-8.764820	8.767663
27.130000	76.748554	-8.763065	8.765907
27.140000	76.790385	-8.761306	8.764148
27.150000	76.832175	-8.759545	8.762386
27.160000	76.873925	-8.757780	8.760620
27.170000	76.915634	-8.756012	8.758852
27.180000	76.957302	-8.754241	8.757081
27.190000	76.998931	-8.752467	8.755306
27.200000	77.040518	-8.750690	8.753528
27.210000	77.082066	-8.748910	8.751748
27.220000	77.123573	-8.747126	8.749964
27.230000	77.165040	-8.745340	8.748176
27.240000	77.206466	-8.743550	8.746386
27.250000	77.247852	-8.741757	8.744592
27.260000	77.289198	-8.739961	8.742796
27.270000	77.330504	-8.738162	8.740996
27.280000	77.371770	-8.736359	8.739193
27.290000	77.412995	-8.734553	8.737386
27.300000	77.454180	-8.732744	8.735577
27.310000	77.495326	-8.730932	8.733764
27.320000	77.536431	-8.729117	8.731948
27.330000	77.577497	-8.727298	8.730129
27.340000	77.618522	-8.725476	8.728306
27.350000	77.659508	-8.723651	8.726480
27.360000	77.700454	-8.721822	8.724651
27.370000	77.741360	-8.719990	8.722819
27.380000	77.782226	-8.718155	8.720983
27.390000	77.823053	-8.716317	8.719144
27.400000	77.863840	-8.714475	8.717302
27.410000	77.904587	-8.712630	8.715456
27.420000	77.945295	-8.710782	8.713607
27.430000	77.985963	-8.708930	8.711755
27.440000	78.026592	-8.707075	8.709899
27.450000	78.067182	-8.705216	8.708040
27.460000	78.107731	-8.703355	8.706178
27.470000	78.148242	-8.701490	8.704312
27.480000	78.188713	-8.699621	8.702443
27.490000	78.229145	-8.697749	8.700570
27.500000	78.269538	-8.695874	8.698694
27.510000	78.309892	-8.693995	8.696815
27.520000	78.350206	-8.692113	8.694932
27.530000	78.390482	-8.690227	8.693046
27.540000	78.430718	-8.688338	8.691156
27.550000	78.470916	-8.686445	8.689263
27.560000	78.511074	-8.684549	8.687366
27.570000	78.551194	-8.682650	8.685466
27.580000	78.591275	-8.680747	8.683562
27.590000	78.631317	-8.678840	8.681655
27.600000	78.671320	-8.676931	8.679745
27.610000	78.711284	-8.675017	8.677831
27.620000	78.751210	-8.673100	8.675913
27.630000	78.791097	-8.671179	8.673992
27.640000	78.830946	-8.669255	8.672067
27.650000	78.870756	-8.667328	8.670139
27.660000	78.910528	-8.665397	8.668207
27.670000	78.950261	-8.663462	8.666272
27.680000	78.989955	-8.661523	8.664333
27.690000	79.029612	-8.659581	8.662390
27.700000	79.069230	-8.657636	8.660444
27.710000	79.108810	-8.655687	8.658494
27.720000	79.148351	-8.653734	8.656541
27.730000	79.187854	-8.651777	8.654583
27.740000	79.227320	-8.649817	8.652623
27.750000	79.266747	-8.647853	8.650658
27.760000	79.306136	-8.645886	8.648690
27.770000	79.345486	-8.643915	8.646718
27.780000	79.384799	-8.641940	8.644743
27.790000	79.424074	-8.639961	8.642764
27.800000	79.463311	-8.637979	8.640781
27.810000	79.502510	-8.635993	8.638794
27.820000	79.541671	-8.634003	8.636804
27.830000	79.580795	-8.632010	8.634810
27.840000	79.619880	-8.630013	8.632812
27.850000	79.658928	-8.628012	8.630810
27.860000	79.697938	-8.626007	8.628805
27.870000	79.736910	-8.623998	8.626795
27.880000	79.775844	-8.621986	8.624782
27.890000	79.814741	-8.619970	8.622765
27.900000	79.853600	-8.617950	8.620745
27.910000	79.892422	-8.615926	8.618720
27.920000	79.931206	-8.613898	8.616692
27.930000	79.969952	-8.611866	8.614659
27.940000	80.008660	-8.609831	8.612623
27.950000	80.047332	-8.607791	8.610583
27.960000	80.085965	-8.605748	8.608539
27.970000	80.124561	-8.603701	8.606491
27.980000	80.163119	-8.601650	8.604439
27.990000	80.201640	-8.599594	8.602384
28.000000	80.240123	-8.597535	8.600324
28.010000	80.278569	-8.595472	8.598260
28.020000	80.316977	-8.593405	8.596193
28.030000	80.355348	-8.591334	8.594121
28.040000	80.393681	-8.589259	8.592045
28.050000	80.431977	-8.587180	8.589966
28.060000	80.470235	-8.585097	8.587882
28.070000	80.508455	-8.583010	8.585794
28.080000	80.546638	-8.580919	8.583702
28.090000	80.584783	-8.578824	8.581606
28.100000	80.622891	-8.576725	8.579506
28.110000	80.660961	-8.574621	8.577402
28.120000	80.698994	-8.572514	8.575294
28.130000	80.736989	-8.570402	8.573182
28.140000	80.774946	-8.568286	8.571065
28.150000	80.812865	-8.566166	8.568945
28.160000	80.850747	-8.564042	8.566820
28.170000	80.888591	-8.561914	8.564691
28.180000	80.926398	-8.559781	8.562558
28.190000	80.964166	-8.557645	8.560420
28.200000	81.001897	-8.555504	8.558279
28.210000	81.039590	-8.553359	8.556133
28.220000	81.077245	-8.551210	8.553983
28.230000	81.114862	-8.549056	8.551829
28.240000	81.152442	-8.546898	8.549670
28.250000	81.189983	-8.544736	8.547507
28.260000	81.227486	-8.542569	8.545340
28.270000	81.264952	-8.540399	8.543169
28.280000	81.302379	-8.538223	8.540993
28.290000	81.339768	-8.536044	8.538813
28.300000	81.377119	-8.533860	8.536628
28.310000	81.414432	-8.531672	8.534439
28.320000	81.451707	-8.529479	8.532246
28.330000	81.488944	-8.527282	8.530048
28.340000	81.526142	-8.525081	8.527846
28.350000	81.563302	-8.522875	8.525639
28.360000	81.600424	-8.520665	8.523428
28.370000	81.637507	-8.518450	8.521213
28.380000	81.674552	-8.516231	8.518993
28.390000	81.711559	-8.514007	8.516768
28.400000	81.748527	-8.511779	8.514539
28.410000	81.785457	-8.509546	8.512306
28.420000	81.822348	-8.507309	8.510068
28.430000	81.859201	-8.505067	8.507825
28.440000	81.896015	-8.502820	8.505578
28.450000	81.932791	-8.500569	8.503326
28.460000	81.969528	-8.498313	8.501070
28.470000	82.006227	-8.496053	8.498809
28.480000	82.042887	-8.493788	8.496543
28.490000	82.079508	-8.491519	8.494273
28.500000	82.116091	-8.489244	8.491998
28.510000	82.152636	-8.486965	8.489718
28.520000	82.189141	-8.484682	8.487434
28.530000	82.225609	-8.482393	8.485145
28.540000	82.262037	-8.480100	8.482851
28.550000	82.298427	-8.477802	8.480552
28.560000	82.334778	-8.475500	8.478249
28.570000	82.371091	-8.473192	8.475941
28.580000	82.407365	-8.470880	8.473628
28.590000	82.443600	-8.468563	8.471310
28.600000	82.479797	-8.466241	8.468987
28.610000	82.515955	-8.463914	8.466660
28.620000	82.552075	-8.461583	8.464327
28.630000	82.588156	-8.459246	8.461990
28.640000	82.624199	-8.456905	8.459648
28.650000	82.660203	-8.454558	8.457300
28.660000	82.696168	-8.452207	8.454948
28.670000	82.732095	-8.449851	8.452591
28.680000	82.767984	-8.447489	8.450229
28.690000	82.803834	-8.445123	8.447862
28.700000	82.839646	-8.442752	8.445490
28.710000	82.875419	-8.440375	8.443113
28.720000	82.911154	-8.437994	8.440731
28.730000	82.946851	-8.435608	8.438344
28.740000	82.982509	-8.433216	8.435951
28.750000	83.018129	-8.430819	8.433554
28.760000	83.053711	-8.428417	8.431151
28.770000	83.089255	-8.426010	8.428743
28.780000	83.124761	-8.423598	8.426330
28.790000	83.160228	-8.421181	8.423912
28.800000	83.195657	-8.418758	8.421489
28.810000	83.231049	-8.416330	8.419060
28.820000	83.266402	-8.413897	8.416626
28.830000	83.301717	-8.411459	8.414187
28.840000	83.336995	-8.409015	8.411743
28.850000	83.372235	-8.406566	8.409293
28.860000	83.407436	-8.404112	8.406838
28.870000	83.442600	-8.401652	8.404377
28.880000	83.477727	-8.399187	8.401912
28.890000	83.512815	-8.396717	8.399440
28.900000	83.547866	-8.394241	8.396964
28.910000	83.582880	-8.391760	8.394482
28.920000	83.617855	-8.389273	8.391994
28.930000	83.652794	-8.386781	8.389501
28.940000	83.687695	-8.384283	8.387002
28.950000	83.722558	-8.381780	8.384498
28.960000	83.757384	-8.379271	8.381989
28.970000	83.792173	-8.376757	8.379473
28.980000	83.826925	-8.374237	8.376953
28.990000	83.861639	-8.371711	8.374426
29.000000	83.896317	-8.369180	8.371894
29.010000	83.930957	-8.366643	8.369356
29.020000	83.965560	-8.364100	8.366813
29.030000	84.000126	-8.361552	8.364264
29.040000	84.034655	-8.358998	8.361709
29.050000	84.069148	-8.356438	8.359148
29.060000	84.103603	-8.353873	8.356582
29.070000	84.138022	-8.351301	8.354010
29.080000	84.172404	-8.348724	8.351432
29.090000	84.206750	-8.346141	8.348848
29.100000	84.241059	-8.343552	8.346258
29.110000	84.275331	-8.340957	8.343663
29.120000	84.309567	-8.338357	8.341061
29.130000	84.343766	-8.335750	8.338454
29.140000	84.377929	-8.333137	8.335840
29.150000	84.412056	-8.330519	8.333221
29.160000	84.446146	-8.327894	8.330595
29.170000	84.480200	-8.325264	8.327964
29.180000	84.514218	-8.322627	8.325326
29.190000	84.548200	-8.319984	8.322683
29.200000	84.582145	-8.317335	8.320033
29.210000	84.616055	-8.314680	8.317377
29.220000	84.649928	-8.312019	8.314715
29.230000	84.683766	-8.309351	8.312046
29.240000	84.717568	-8.306678	8.309372
29.250000	84.751334	-8.303998	8.306691
29.260000	84.785064	-8.301311	8.304004
29.270000	84.818759	-8.298619	8.301310
29.280000	84.852418	-8.295920	8.298611
29.290000	84.886041	-8.293215	8.295905
29.300000	84.919629	-8.290503	8.293192
29.310000	84.953181	-8.287785	8.290473
29.320000	84.986697	-8.285061	8.287748
29.330000	85.020178	-8.282330	8.285016
29.340000	85.053624	-8.279592	8.282278
29.350000	85.087035	-8.276848	8.279533
29.360000	85.120410	-8.274098	8.276781
29.370000	85.153750	-8.271341	8.274023
29.380000	85.187054	-8.268577	8.271259
29.390000	85.220324	-8.265807	8.268488
29.400000	85.253558	-8.263030	8.265710
29.410000	85.286757	-8.260246	8.262925
29.420000	85.319921	-8.257455	8.260134
29.430000	85.353050	-8.254658	8.257335
29.440000	85.386144	-8.251854	8.254530
29.450000	85.419203	-8.249043	8.251719
29.460000	85.452227	-8.246225	8.248900
29.470000	85.485216	-8.243401	8.246074
29.480000	85.518170	-8.240569	8.243242
29.490000	85.551089	-8.237731	8.240403
29.500000	85.583974	-8.234885	8.237556
29.510000	85.616824	-8.232033	8.234703
29.520000	85.649638	-8.229173	8.231842
29.530000	85.682418	-8.226307	8.228975
29.540000	85.715164	-8.223433	8.226100
29.550000	85.747874	-8.220552	8.223218
29.560000	85.780550	-8.217664	8.220329
29.570000	85.813191	-8.214769	8.217433
29.580000	85.845797	-8.211866	8.214530
29.590000	85.878369	-8.208956	8.211619
29.600000	85.910906	-8.206039	8.208701
29.610000	85.943408	-8.203115	8.205775
29.620000	85.975875	-8.200183	8.202843
29.630000	86.008308	-8.197244	8.199902
29.640000	86.040706	-8.194297	8.196955
29.650000	86.073069	-8.191343	8.193999
29.660000	86.105397	-8.188381	8.191037
29.670000	86.137691	-8.185412	8.188066
29.680000	86.169950	-8.182435	8.185089
29.690000	86.202174	-8.179450	8.182103
29.700000	86.234363	-8.176458	8.179110
29.710000	86.266518	-8.173458	8.176109
29.720000	86.298638	-8.170450	8.173100
29.730000	86.330722	-8.167435	8.170084
29.740000	86.362772	-8.164411	8.167060
29.750000	86.394787	-8.161380	8.164027
29.760000	86.426768	-8.158341	8.160987
29.770000	86.458713	-8.155294	8.157939
29.780000	86.490623	-8.152239	8.154883
29.790000	86.522498	-8.149176	8.151819
29.800000	86.554338	-8.146105	8.148747
29.810000	86.586143	-8.143026	8.145667
29.820000	86.617913	-8.139939	8.142579
29.830000	86.649647	-8.136843	8.139482
29.840000	86.681347	-8.133739	8.136377
29.850000	86.713011	-8.130627	8.133264
29.860000	86.744640	-8.127507	8.130143
29.870000	86.776233	-8.124378	8.127013
29.880000	86.807791	-8.121241	8.123875
29.890000	86.839314	-8.118096	8.120729
29.900000	86.870802	-8.114942	8.117574
29.910000	86.902254	-8.111779	8.114410
29.920000	86.933670	-8.108608	8.111238
29.930000	86.965051	-8.105429	8.108058
29.940000	86.996397	-8.102240	8.104868
29.950000	87.027706	-8.099043	8.101670
29.960000	87.058981	-8.095837	8.098463
29.970000	87.090219	-8.092623	8.095248
29.980000	87.121422	-8.089399	8.092023
29.990000	87.152589	-8.086167	8.088790
30.000000	87.183720	-8.082926	8.085547
30.010000	87.214816	-8.079676	8.082296
30.020000	87.245876	-8.076416	8.079036
30.030000	87.276900	-8.073148	8.075766
30.040000	87.307888	-8.069870	8.072488
30.050000	87.338840	-8.066584	8.069200
30.060000	87.369757	-8.063288	8.065903
30.070000	87.400638	-8.059983	8.062597
30.080000	87.431482	-8.056668	8.059281
30.090000	87.462291	-8.053344	8.055956
30.100000	87.493064	-8.050011	8.052622
30.110000	87.523801	-8.046668	8.049278
30.120000	87.554502	-8.043316	8.045925
30.130000	87.585168	-8.039954	8.042562
30.140000	87.615797	-8.036582	8.039189
30.150000	87.646390	-8.033201	8.035807
30.160000	87.676948	-8.029810	8.032415
30.170000	87.707470	-8.026409	8.029013
30.180000	87.737955	-8.022999	8.025601
30.190000	87.768405	-8.019578	8.022179
30.200000	87.798819	-8.016147	8.018747
30.210000	87.829198	-8.012707	8.015306
30.220000	87.859540	-8.009256	8.011854
30.230000	87.889847	-8.005795	8.008392
30.240000	87.920118	-8.002324	8.004920
30.250000	87.950353	-7.998843	8.001437
30.260000	87.980552	-7.995351	7.997945
30.270000	88.010716	-7.991849	7.994442
30.280000	88.040844	-7.988337	7.990928
30.290000	88.070937	-7.984814	7.987404
30.300000	88.100993	-7.981281	7.983869
30.310000	88.131015	-7.977736	7.980324
30.320000	88.161001	-7.974182	7.976768
30.330000	88.190951	-7.970616	7.973201
30.340000	88.220866	-7.967040	7.969624
30.350000	88.250745	-7.963452	7.966035
30.360000	88.280589	-7.959854	7.962436
30.370000	88.310398	-7.956245	7.958826
30.380000	88.340172	-7.952625	7.955204
30.390000	88.369910	-7.948993	7.951572
30.400000	88.399613	-7.945351	7.947928
30.410000	88.429281	-7.941697	7.944273
30.420000	88.458914	-7.938032	7.940606
30.430000	88.488511	-7.934355	7.936928
30.440000	88.518074	-7.930667	7.933239
30.450000	88.547602	-7.926967	7.929538
30.460000	88.577095	-7.923256	7.925825
30.470000	88.606553	-7.919532	7.922101
30.480000	88.635977	-7.915798	7.918365
30.490000	88.665365	-7.912051	7.914617
30.500000	88.694719	-7.908292	7.910857
30.510000	88.724039	-7.904522	7.907085
30.520000	88.753323	-7.900739	7.903301
30.530000	88.782573	-7.896944	7.899505
30.540000	88.811789	-7.893137	7.895697
30.550000	88.840971	-7.889318	7.891876
30.560000	88.870118	-7.885486	7.888043
30.570000	88.899230	-7.881641	7.884198
30.580000	88.928309	-7.877785	7.880340
30.590000	88.957353	-7.873915	7.876469
30.600000	88.986363	-7.870033	7.872586
30.610000	89.015339	-7.866138	7.868689
30.620000	89.044281	-7.862230	7.864780
30.630000	89.073189	-7.858309	7.860858
30.640000	89.102064	-7.854376	7.856923
30.650000	89.130904	-7.850428	7.852975
30.660000	89.159711	-7.846468	7.849013
30.670000	89.188484	-7.842495	7.845038
30.680000	89.217223	-7.838508	7.841050
30.690000	89.245928	-7.834507	7.837048
30.700000	89.274601	-7.830493	7.833033
30.710000	89.303239	-7.826466	7.829004
30.720000	89.331844	-7.822424	7.824961
30.730000	89.360416	-7.818369	7.820904
30.740000	89.388955	-7.814299	7.816834
30.750000	89.417460	-7.810216	7.812749
30.760000	89.445932	-7.806118	7.808650
30.770000	89.474371	-7.802007	7.804537
30.780000	89.502776	-7.797880	7.800409
30.790000	89.531149	-7.793740	7.796268
30.800000	89.559489	-7.789584	7.792111
30.810000	89.587796	-7.785415	7.787940
30.820000	89.616070	-7.781230	7.783754
30.830000	89.644311	-7.777030	7.779553
30.840000	89.672519	-7.772816	7.775337
30.850000	89.700695	-7.768586	7.771106
30.860000	89.728838	-7.764342	7.766860
30.870000	89.756948	-7.760082	7.762598
30.880000	89.785026	-7.755806	7.758322
30.890000	89.813071	-7.751515	7.754029
30.900000	89.841084	-7.747208	7.749721
30.910000	89.869065	-7.742886	7.745397
30.920000	89.897013	-7.738548	7.741057
30.930000	89.924929	-7.734193	7.736702
30.940000	89.952812	-7.729823	7.732330
30.950000	89.980664	-7.725436	7.727942
30.960000	90.008483	-7.721033	7.723537
30.970000	90.036270	-7.716613	7.719116
30.980000	90.064025	-7.712177	7.714679
30.990000	90.091748	-7.707724	7.710224
31.000000	90.119439	-7.703255	7.705753
31.010000	90.147098	-7.698768	7.701265
31.020000	90.174725	-7.694264	7.696760
31.030000	90.202320	-7.689743	7.692237
31.040000	90.229883	-7.685204	7.687697
31.050000	90.257414	-7.680648	7.683139
31.060000	90.284914	-7.676075	7.678564
31.070000	90.312382	-7.671483	7.673971
31.080000	90.339818	-7.666874	7.669360
31.090000	90.367222	-7.662246	7.664731
31.100000	90.394595	-7.657600	7.660084
31.110000	90.421936	-7.652936	7.655418
31.120000	90.449245	-7.648253	7.650734
31.130000	90.476523	-7.643552	7.646031
31.140000	90.503769	-7.638831	7.641309
31.150000	90.530983	-7.634092	7.636568
31.160000	90.558166	-7.629334	7.631808
31.170000	90.585317	-7.624556	7.627029
31.180000	90.612436	-7.619759	7.622230
31.190000	90.639524	-7.614942	7.617412
31.200000	90.666581	-7.610105	7.612573
31.210000	90.693605	-7.605248	7.607715
31.220000	90.720598	-7.600372	7.602837
31.230000	90.747560	-7.595475	7.597938
31.240000	90.774490	-7.590557	7.593019
31.250000	90.801388	-7.585619	7.588079
31.260000	90.828254	-7.580660	7.583119
31.270000	90.855089	-7.575680	7.578137
31.280000	90.881893	-7.570679	7.573134
31.290000	90.908664	-7.565656	7.568110
31.300000	90.935404	-7.560612	7.563064
31.310000	90.962112	-7.555546	7.557996
31.320000	90.988788	-7.550458	7.552907
31.330000	91.015432	-7.545348	7.547795
31.340000	91.042045	-7.540215	7.542661
31.350000	91.068625	-7.535060	7.537504
31.360000	91.095174	-7.529882	7.532325
31.370000	91.121691	-7.524682	7.527122
31.380000	91.148176	-7.519458	7.521897
31.390000	91.174629	-7.514211	7.516648
31.400000	91.201049	-7.508940	7.511375
31.410000	91.227438	-7.503645	7.506079
31.420000	91.253795	-7.498326	7.500758
31.430000	91.280119	-7.492983	7.495413
31.440000	91.306411	-7.487615	7.490044
31.450000	91.332671	-7.482223	7.484650
31.460000	91.358898	-7.476806	7.479231
31.470000	91.385094	-7.471363	7.473787
31.480000	91.411256	-7.465895	7.468317
31.490000	91.437387	-7.460402	7.462821
31.500000	91.463485	-7.454882	7.457300
31.510000	91.489550	-7.449336	7.451752
31.520000	91.515583	-7.443764	7.446178
31.530000	91.541583	-7.438165	7.440577
31.540000	91.567551	-7.432539	7.434949
31.550000	91.593486	-7.426885	7.429294
31.560000	91.619388	-7.421205	7.423612
31.570000	91.645258	-7.415496	7.417901
31.580000	91.671095	-7.409759	7.412162
31.590000	91.696899	-7.403994	7.406395
31.600000	91.722670	-7.398200	7.400599
31.610000	91.748409	-7.392377	7.394775
31.620000	91.774114	-7.386525	7.388920
31.630000	91.799787	-7.380643	7.383037
31.640000	91.825427	-7.374731	7.377123
31.650000	91.851034	-7.368789	7.371179
31.660000	91.876608	-7.362817	7.365205
31.670000	91.902149	-7.356813	7.359200
31.680000	91.927658	-7.350779	7.353163
31.690000	91.953133	-7.344713	7.347095
31.700000	91.978575	-7.338615	7.340995
31.710000	92.003985	-7.332484	7.334863
31.720000	92.029361	-7.326321	7.328698
31.730000	92.054705	-7.320126	7.322500
31.740000	92.080016	-7.313896	7.316268
31.750000	92.105293	-7.307633	7.310004
31.760000	92.130538	-7.301336	7.303704
31.770000	92.155750	-7.295005	7.297371
31.780000	92.180929	-7.288638	7.291002
31.790000	92.206075	-7.282237	7.284599
31.800000	92.231189	-7.275799	7.278159
31.810000	92.256269	-7.269326	7.271683
31.820000	92.281317	-7.262816	7.265171
31.830000	92.306332	-7.256269	7.258622
31.840000	92.331314	-7.249684	7.252035
31.850000	92.356264	-7.243062	7.245411
31.860000	92.381181	-7.236401	7.238748
31.870000	92.406065	-7.229702	7.232046
31.880000	92.430917	-7.222963	7.225306
31.890000	92.455736	-7.216184	7.218525
31.900000	92.480522	-7.209366	7.211704
31.910000	92.505276	-7.202506	7.204842
31.920000	92.529998	-7.195605	7.197939
31.930000	92.554687	-7.188663	7.190994
31.940000	92.579344	-7.181678	7.184007
31.950000	92.603968	-7.174650	7.176977
31.960000	92.628561	-7.167579	7.169904
31.970000	92.653121	-7.160464	7.162786
31.980000	92.677648	-7.153304	7.155624
31.990000	92.702144	-7.146099	7.148417
32.000000	92.726608	-7.138848	7.141164
32.010000	92.751039	-7.131551	7.133864
32.020000	92.775439	-7.124207	7.126518
32.030000	92.799806	-7.116815	7.119124
32.040000	92.824142	-7.109375	7.111681
32.050000	92.848446	-7.101886	7.104190
32.060000	92.872718	-7.094348	7.096649
32.070000	92.896959	-7.086758	7.089057
32.080000	92.921167	-7.079118	7.081414
32.090000	92.945345	-7.071426	7.073720
32.100000	92.969490	-7.063682	7.065973
32.110000	92.993604	-7.055884	7.058173
32.120000	93.017687	-7.048032	7.050318
32.130000	93.041738	-7.040126	7.042409
32.140000	93.065758	-7.032163	7.034444
32.150000	93.089747	-7.024144	7.026422
32.160000	93.113705	-7.016068	7.018343
32.170000	93.137631	-7.007933	7.010206
32.180000	93.161526	-6.999739	7.002010
32.190000	93.185391	-6.991486	6.993753
32.200000	93.209224	-6.983171	6.985436
32.210000	93.233026	-6.974794	6.977056
32.220000	93.256798	-6.966354	6.968613
32.230000	93.280539	-6.957850	6.960107
32.240000	93.304249	-6.949281	6.951535
32.250000	93.327928	-6.940647	6.942898
32.260000	93.351577	-6.931945	6.934193
32.270000	93.375195	-6.923174	6.925420
32.280000	93.398782	-6.914335	6.916577
32.290000	93.422339	-6.905424	6.907664
32.300000	93.445866	-6.896442	6.898679
32.310000	93.469362	-6.887387	6.889621
32.320000	93.492828	-6.878258	6.880489
32.330000	93.516264	-6.869053	6.871281
32.340000	93.539670	-6.859771	6.861996
32.350000	93.563045	-6.850411	6.852633
32.360000	93.586391	-6.840971	6.843190
32.370000	93.609706	-6.831450	6.833666
32.380000	93.632992	-6.821846	6.824059
32.390000	93.656248	-6.812158	6.814368
32.400000	93.679473	-6.802384	6.804591
32.410000	93.702669	-6.792523	6.794726
32.420000	93.725836	-6.782573	6.784773
32.430000	93.748972	-6.772532	6.774728
32.440000	93.772079	-6.762398	6.764591
32.450000	93.795156	-6.752169	6.754359
32.460000	93.818204	-6.741845	6.744031
32.470000	93.841222	-6.731422	6.733605
32.480000	93.864211	-6.720898	6.723078
32.490000	93.887171	-6.710273	6.712449
32.500000	93.910101	-6.699542	6.701715
32.510000	93.933002	-6.688705	6.690875
32.520000	93.955873	-6.677759	6.679925
32.530000	93.978715	-6.666702	6.668864
32.540000	94.001528	-6.655530	6.657689
32.550000	94.024312	-6.644243	6.646397
32.560000	94.047067	-6.632836	6.634987
32.570000	94.069793	-6.621307	6.623455
32.580000	94.092490	-6.609654	6.611798
32.590000	94.115158	-6.597874	6.600014
32.600000	94.137796	-6.585963	6.588099
32.610000	94.160406	-6.573918	6.576050
32.620000	94.182987	-6.561737	6.563865
32.630000	94.205539	-6.549416	6.551540
32.640000	94.228063	-6.536950	6.539071
32.650000	94.250557	-6.524338	6.526454
32.660000	94.273023	-6.511575	6.513687
32.670000	94.295459	-6.498656	6.500764
32.680000	94.317867	-6.485579	6.487682
32.690000	94.340247	-6.472338	6.474437
32.700000	94.362597	-6.458929	6.461024
32.710000	94.384919	-6.445348	6.447439
32.720000	94.407212	-6.431590	6.433676
32.730000	94.429477	-6.417650	6.419732
32.740000	94.451712	-6.403523	6.405599
32.750000	94.473919	-6.389202	6.391274
32.760000	94.496097	-6.374683	6.376750
32.770000	94.518247	-6.359959	6.362022
32.780000	94.540368	-6.345024	6.347082
32.790000	94.562460	-6.329872	6.331925
32.800000	94.584523	-6.314495	6.316543
32.810000	94.606558	-6.298887	6.300930
32.820000	94.628563	-6.283040	6.285077
32.830000	94.650540	-6.266945	6.268977
32.840000	94.672488	-6.250594	6.252622
32.850000	94.694408	-6.233979	6.236001
32.860000	94.716298	-6.217090	6.219107
32.870000	94.738159	-6.199917	6.201928
32.880000	94.759992	-6.182450	6.184455
32.890000	94.781795	-6.164678	6.166677
32.900000	94.803570	-6.146588	6.148582
32.910000	94.825316	-6.128169	6.130157
32.920000	94.847032	-6.109408	6.111389
32.930000	94.868719	-6.090289	6.092265
32.940000	94.890377	-6.070800	6.072769
32.950000	94.912006	-6.050923	6.052885
32.960000	94.933606	-6.030642	6.032598
32.970000	94.955176	-6.009938	6.011887
32.980000	94.976717	-5.988792	5.990735
32.990000	94.998228	-5.967184	5.969120
33.000000	95.019710	-5.945091	5.947019
33.010000	95.041163	-5.922489	5.924410
33.020000	95.062586	-5.899352	5.901265
33.030000	95.083979	-5.875652	5.877557
33.040000	95.105342	-5.851358	5.853256
33.050000	95.126676	-5.826438	5.828328
33.060000	95.147980	-5.800856	5.802738
33.070000	95.169254	-5.774573	5.776446
33.080000	95.190498	-5.747546	5.749410
33.090000	95.211712	-5.719727	5.721582
33.100000	95.232896	-5.691066	5.692912
33.110000	95.254050	-5.661505	5.663341
33.120000	95.275174	-5.630981	5.632808
33.130000	95.296267	-5.599424	5.601240
33.140000	95.317331	-5.566755	5.568560
33.150000	95.338364	-5.532885	5.534680
33.160000	95.359366	-5.497716	5.499499
33.170000	95.380338	-5.461135	5.462906
33.180000	95.401280	-5.423013	5.424772
33.190000	95.422191	-5.383203	5.384949
33.200000	95.443071	-5.341535	5.343268
33.210000	95.463921	-5.297811	5.299529
33.220000	95.484740	-5.251797	5.253500
33.230000	95.505528	-5.203219	5.204906
33.240000	95.526285	-5.151744	5.153415
33.250000	95.547011	-5.096974	5.098627
33.260000	95.567706	-5.038413	5.040047
33.270000	95.588369	-4.975445	4.977059
33.280000	95.609002	-4.907283	4.908874
33.290000	95.629603	-4.832900	4.834467
33.300000	95.650172	-4.750921	4.752462
33.310000	95.670710	-4.659437	4.660948
33.320000	95.691216	-4.555684	4.557162
33.330000	95.711689	-4.435429	4.436867
33.340000	95.732129	-4.291661	4.293053
33.350000	95.752536	-4.111385	4.112719
33.360000	95.772908	-3.865597	3.866851
33.370000	95.793245	-3.460039	3.461161
