0.490000	23.571355	6.926087	0.000000	22.530826	f
0.500000	24.133837	7.128249	0.000000	23.057106	f
0.510000	24.697712	7.331243	0.000000	23.584525	f
0.520000	25.260880	7.534399	0.000000	24.111095	f
0.530000	25.821242	7.737091	0.000000	24.634812	f
0.540000	26.378796	7.939306	0.000000	25.155681	f
0.550000	26.933540	8.141032	0.000000	25.673706	f
0.560000	27.485474	8.342256	0.000000	26.188891	f
0.570000	28.035554	8.543275	0.000000	26.702148	f
0.580000	28.584738	8.744361	0.000000	27.214397	f
0.590000	29.133024	8.945505	0.000000	27.725638	f
0.600000	29.680409	9.146698	0.000000	28.235875	f
0.610000	30.226892	9.347929	0.000000	28.745108	f
0.620000	30.773381	9.549487	0.000000	29.254202	f
0.630000	31.320787	9.751633	0.000000	29.764028	f
0.640000	31.869106	9.954359	0.000000	30.274587	f
0.650000	32.418334	10.157660	0.000000	30.785879	f
0.660000	32.968469	10.361526	0.000000	31.297903	f
0.670000	33.519273	10.565874	0.000000	31.810438	f
0.680000	34.070510	10.770627	0.000000	32.323262	f
0.690000	34.622178	10.975775	0.000000	32.836375	f
0.700000	35.174272	11.181311	0.000000	33.349778	f
0.710000	35.726791	11.387226	0.000000	33.863471	f
0.720000	36.279228	11.593344	0.000000	34.376980	f
0.730000	36.831077	11.799506	0.000000	34.889825	f
0.740000	37.382335	12.005701	0.000000	35.402007	f
0.750000	37.933000	12.211921	0.000000	35.913528	f
0.760000	38.483071	12.418154	0.000000	36.424390	f
0.770000	39.030901	12.623840	0.000000	36.933046	f
0.780000	39.574846	12.828477	0.000000	37.437930	f
0.790000	40.114904	13.032054	0.000000	37.939045	f
0.800000	40.651078	13.234557	0.000000	38.436398	f
0.810000	41.183369	13.435973	0.000000	38.929995	f
0.820000	41.714264	13.637133	0.000000	39.422182	f
0.830000	42.246254	13.838763	0.000000	39.915343	f
0.840000	42.779335	14.040854	0.000000	40.409478	f
0.850000	43.313506	14.243398	0.000000	40.904589	f
0.860000	43.848761	14.446384	0.000000	41.400675	f
0.870000	44.385621	14.649980	0.000000	41.898227	f
0.880000	44.924601	14.854332	0.000000	42.397743	f
0.890000	45.465700	15.059429	0.000000	42.899224	f
0.900000	46.008912	15.265262	0.000000	43.402670	f
0.910000	46.554233	15.471820	0.000000	43.908079	f
0.920000	47.098042	15.677856	0.000000	44.412053	f
0.930000	47.636716	15.882293	0.000000	44.911128	f
0.940000	48.170256	16.085118	0.000000	45.405314	f
0.950000	48.698664	16.286320	0.000000	45.894615	f
0.960000	49.221944	16.485884	0.000000	46.379041	f
0.970000	49.742640	16.684675	0.000000	46.860984	f
0.980000	50.263298	16.883423	0.000000	47.342889	f
0.990000	50.783916	17.082117	0.000000	47.824757	f
1.000000	51.304493	17.280745	0.000000	48.306592	f
1.010000	51.825026	17.479297	0.000000	48.788395	f
1.020000	52.344151	17.677290	0.000000	49.268890	f
1.030000	52.860500	17.874318	0.000000	49.746770	f
1.040000	53.374074	18.070369	0.000000	50.222042	f
1.050000	53.884873	18.265432	0.000000	50.694709	f
1.060000	54.392899	18.459495	0.000000	51.164778	f
1.070000	54.900142	18.653233	0.000000	51.634122	f
1.080000	55.408596	18.847205	0.000000	52.104658	f
1.090000	55.918258	19.041398	0.000000	52.576389	f
1.100000	56.429124	19.235800	0.000000	53.049317	f
1.110000	56.941191	19.430396	0.000000	53.523443	f
1.120000	57.453201	19.624741	0.000000	53.997591	f
1.130000	57.963896	19.818465	0.000000	54.470557	f
1.140000	58.473273	20.011557	0.000000	54.942345	f
1.150000	58.981333	20.204003	0.000000	55.412958	f
1.160000	59.488075	20.395791	0.000000	55.882401	f
1.170000	59.994150	20.587132	0.000000	56.351291	f
1.180000	60.500211	20.778195	0.000000	56.820262	f
1.190000	61.006256	20.968965	0.000000	57.289316	f
1.200000	61.512283	21.159428	0.000000	57.758459	f
1.210000	62.018290	21.349570	0.000000	58.227692	f
1.220000	62.522166	21.538655	0.000000	58.695039	f
1.230000	63.021798	21.726091	0.000000	59.158465	f
1.240000	63.517187	21.911869	0.000000	59.617976	f
1.250000	64.008336	22.095978	0.000000	60.073579	f
1.260000	64.495249	22.278408	0.000000	60.525281	f
1.270000	64.982366	22.460658	0.000000	60.977264	f
1.280000	65.474136	22.643905	0.000000	61.433835	f
1.290000	65.970552	22.828127	0.000000	61.894995	f
1.300000	66.471606	23.013300	0.000000	62.360744	f
1.310000	66.977291	23.199399	0.000000	62.831086	f
1.320000	67.482165	23.384573	0.000000	63.300903	f
1.330000	67.980781	23.567377	0.000000	63.764922	f
1.340000	68.473143	23.747805	0.000000	64.223150	f
1.350000	68.959256	23.925852	0.000000	64.675596	f
1.360000	69.439126	24.101511	0.000000	65.122265	f
1.370000	69.917369	24.276311	0.000000	65.567516	f
1.380000	70.398606	24.451416	0.000000	66.015847	f
1.390000	70.882833	24.626802	0.000000	66.467259	f
1.400000	71.370042	24.802443	0.000000	66.921758	f
1.410000	71.860228	24.978313	0.000000	67.379346	f
1.420000	72.352670	25.154150	0.000000	67.839351	f
1.430000	72.846646	25.329752	0.000000	68.301080	f
1.440000	73.342152	25.505094	0.000000	68.764536	f
1.450000	73.839184	25.680152	0.000000	69.229725	f
1.460000	74.337736	25.854899	0.000000	69.696651	f
1.470000	74.837105	26.029085	0.000000	70.164657	f
1.480000	75.336588	26.202518	0.000000	70.633062	f
1.490000	75.836181	26.375176	0.000000	71.101873	f
1.500000	76.335881	26.547036	0.000000	71.571094	f
1.510000	76.835685	26.718072	0.000000	72.040732	f
1.520000	77.330947	26.886804	0.000000	72.506380	f
1.530000	77.817025	27.052158	0.000000	72.963485	f
1.540000	78.293928	27.214144	0.000000	73.412053	f
1.550000	78.761665	27.372771	0.000000	73.852090	f
1.560000	79.220244	27.528049	0.000000	74.283603	f
1.570000	79.674692	27.681525	0.000000	74.711376	f
1.580000	80.130027	27.834282	0.000000	75.140362	f
1.590000	80.586245	27.986293	0.000000	75.570564	f
1.600000	81.043340	28.137528	0.000000	76.001990	f
1.610000	81.501309	28.287958	0.000000	76.434644	f
1.620000	81.961507	28.437956	0.000000	76.869834	f
1.630000	82.425289	28.587764	0.000000	77.308913	f
1.640000	82.892646	28.737339	0.000000	77.751889	f
1.650000	83.363569	28.886634	0.000000	78.198766	f
1.660000	83.838046	29.035603	0.000000	78.649550	f
1.670000	84.311263	29.182826	0.000000	79.099632	f
1.680000	84.778417	29.327361	0.000000	79.544239	f
1.690000	85.239514	29.469208	0.000000	79.983377	f
1.700000	85.694559	29.608370	0.000000	80.417050	f
1.710000	86.143558	29.744849	0.000000	80.845263	f
1.720000	86.593175	29.880465	0.000000	81.274447	f
1.730000	87.050045	30.016353	0.000000	81.711253	f
1.740000	87.514150	30.152435	0.000000	82.155688	f
1.750000	87.985472	30.288632	0.000000	82.607760	f
1.760000	88.463993	30.424865	0.000000	83.067476	f
1.770000	88.942104	30.559085	0.000000	83.527482	f
1.780000	89.412241	30.690056	0.000000	83.980172	f
1.790000	89.874415	30.817795	0.000000	84.425552	f
1.800000	90.328632	30.942318	0.000000	84.863625	f
1.810000	90.774905	31.063642	0.000000	85.294393	f
1.820000	91.216685	31.182624	0.000000	85.721220	f
1.830000	91.657401	31.299735	0.000000	86.147581	f
1.840000	92.097048	31.414944	0.000000	86.573481	f
1.850000	92.535622	31.528219	0.000000	86.998923	f
1.860000	92.973117	31.639528	0.000000	87.423914	f
1.870000	93.410705	31.749100	0.000000	87.849613	f
1.880000	93.849544	31.857031	0.000000	88.277213	f
1.890000	94.289621	31.963266	0.000000	88.706721	f
1.900000	94.730928	32.067748	0.000000	89.138142	f
1.910000	95.173452	32.170420	0.000000	89.571480	f
1.920000	95.617681	32.271325	0.000000	90.007235	f
1.930000	96.064095	32.370445	0.000000	90.445921	f
1.940000	96.512680	32.467710	0.000000	90.887541	f
1.950000	96.963419	32.563044	0.000000	91.332101	f
1.960000	97.416296	32.656375	0.000000	91.779605	f
1.970000	97.868106	32.747049	0.000000	92.226878	f
1.980000	98.315693	32.834807	0.000000	92.670659	f
1.990000	98.759057	32.919637	0.000000	93.110949	f
2.000000	99.198199	33.001528	0.000000	93.547752	f
2.010000	99.633120	33.080469	0.000000	93.981068	f
2.020000	100.064306	33.156523	0.000000	94.411389	f
2.030000	100.492235	33.229693	0.000000	94.839216	f
2.040000	100.916905	33.299955	0.000000	95.264551	f
2.050000	101.338312	33.367288	0.000000	95.687395	f
2.060000	101.756454	33.431669	0.000000	96.107749	f
2.070000	102.170448	33.492964	0.000000	96.524721	f
2.080000	102.579429	33.551159	0.000000	96.937397	f
2.090000	102.983401	33.606253	0.000000	97.345779	f
2.100000	103.382370	33.658248	0.000000	97.749868	f
2.110000	103.776338	33.707146	0.000000	98.149664	f
2.120000	104.168402	33.753229	0.000000	98.548341	f
2.130000	104.561572	33.796357	0.000000	98.949121	f
2.140000	104.955824	33.836437	0.000000	99.352003	f
2.150000	105.351132	33.873377	0.000000	99.756982	f
2.160000	105.747470	33.907081	0.000000	100.164052	f
2.170000	106.142517	33.937329	0.000000	100.570829	f
2.180000	106.534030	33.964225	0.000000	100.974902	f
2.190000	106.922002	33.987746	0.000000	101.376268	f
2.200000	107.306430	34.007864	0.000000	101.774924	f
2.210000	107.695999	34.024717	0.000000	102.179972	f
2.220000	108.099066	34.037168	0.000000	102.600581	f
2.230000	108.515515	34.044863	0.000000	103.036713	f
2.240000	108.945222	34.047440	0.000000	103.488324	f
2.250000	109.388059	34.044526	0.000000	103.955364	f
2.260000	109.833182	34.036051	0.000000	104.426410	f
2.270000	110.270212	34.023563	0.000000	104.890022	f
2.280000	110.699164	34.007106	0.000000	105.346199	f
2.290000	111.120055	33.986727	0.000000	105.794938	f
2.300000	111.532902	33.962474	0.000000	106.236240	f
2.310000	111.939552	33.934243	0.000000	106.672069	f
2.320000	112.341755	33.901645	0.000000	107.104380	f
2.330000	112.739498	33.864647	0.000000	107.533158	f
2.340000	113.132768	33.823217	0.000000	107.958387	f
2.350000	113.521551	33.777319	0.000000	108.380050	f
2.360000	113.905106	33.727029	0.000000	108.797338	f
2.370000	114.282736	33.672536	0.000000	109.209450	f
2.380000	114.654441	33.613842	0.000000	109.616378	f
2.390000	115.020221	33.550951	0.000000	110.018112	f
2.400000	115.380076	33.483865	0.000000	110.414640	f
2.410000	115.740726	33.411101	0.000000	110.813419	f
2.420000	116.108398	33.330034	0.000000	111.221711	f
2.430000	116.482905	33.240272	0.000000	111.639381	f
2.440000	116.864045	33.141409	0.000000	112.066284	f
2.450000	117.251609	33.033032	0.000000	112.502260	f
2.460000	117.636672	32.917398	0.000000	112.937291	f
2.470000	118.011043	32.798287	0.000000	113.361716	f
2.480000	118.374775	32.675833	0.000000	113.775557	f
2.490000	118.727929	32.550173	0.000000	114.178840	f
2.500000	119.070568	32.421448	0.000000	114.571593	f
2.510000	119.407036	32.288038	0.000000	114.958788	f
2.520000	119.741247	32.147545	0.000000	115.345141	f
2.530000	120.073085	31.999798	0.000000	115.730543	f
2.540000	120.402428	31.844625	0.000000	116.114877	f
2.550000	120.729148	31.681849	0.000000	116.498016	f
2.560000	121.057210	31.509083	0.000000	116.884669	f
2.570000	121.390078	31.323160	0.000000	117.279200	f
2.580000	121.727374	31.123550	0.000000	117.681257	f
2.590000	122.068702	30.909716	0.000000	118.090463	f
2.600000	122.413646	30.681114	0.000000	118.506414	f
2.610000	122.753275	30.443091	0.000000	118.918395	f
2.620000	123.079854	30.202677	0.000000	119.316591	f
2.630000	123.393490	29.960108	0.000000	119.701067	f
2.640000	123.694293	29.715621	0.000000	120.071895	f
2.650000	123.982380	29.469454	0.000000	120.429157	f
2.660000	124.262489	29.217700	0.000000	120.778690	f
2.670000	124.538551	28.955500	0.000000	121.125678	f
2.680000	124.810275	28.682617	0.000000	121.469800	f
2.690000	125.077352	28.398816	0.000000	121.810719	f
2.700000	125.339456	28.103866	0.000000	122.148074	f
2.710000	125.594377	27.799740	0.000000	122.479068	f
2.720000	125.840294	27.488823	0.000000	122.801239	f
2.730000	126.077058	27.171118	0.000000	123.114398	f
2.740000	126.304512	26.846633	0.000000	123.418345	f
2.750000	126.522488	26.515381	0.000000	123.712872	f
2.760000	126.736176	26.168862	0.000000	124.005036	f
2.770000	126.949242	25.797348	0.000000	124.300470	f
2.780000	127.160586	25.400173	0.000000	124.597937	f
2.790000	127.369065	24.976701	0.000000	124.896130	f
2.800000	127.573494	24.526328	0.000000	125.193673	f
2.810000	127.766862	24.061649	0.000000	125.480708	f
2.820000	127.944320	23.596736	0.000000	125.749525	f
2.830000	128.105963	23.131995	0.000000	126.000193	f
2.840000	128.251897	22.667836	0.000000	126.232794	f
2.850000	128.382232	22.204679	0.000000	126.447419	f
2.860000	128.498511	21.737659	0.000000	126.646522	f
2.870000	128.601428	21.261525	0.000000	126.831679	f
2.880000	128.690517	20.776477	0.000000	127.002312	f
2.890000	128.765305	20.282751	0.000000	127.157831	f
2.900000	128.825308	19.780623	0.000000	127.297631	f
2.910000	128.870336	19.267623	0.000000	127.421828	f
2.920000	128.899764	18.741203	0.000000	127.530060	f
2.930000	128.912762	18.201708	0.000000	127.621307	f
2.940000	128.908496	17.649549	0.000000	127.694533	f
2.950000	128.886125	17.085213	0.000000	127.748693	f
2.960000	128.845085	16.514863	0.000000	127.782296	f
2.970000	128.785650	15.944805	0.000000	127.794784	f
2.980000	128.707672	15.375754	0.000000	127.785958	f
2.990000	128.611027	14.808459	0.000000	127.755649	f
3.000000	128.495615	14.243705	0.000000	127.703720	f
3.010000	128.359909	13.675565	0.000000	127.629327	f
3.020000	128.201445	13.098279	0.000000	127.530567	f
3.030000	128.019360	12.512948	0.000000	127.406368	f
3.040000	127.812828	11.920770	0.000000	127.255705	f
3.050000	127.581068	11.323037	0.000000	127.077606	f
3.060000	127.325158	10.725627	0.000000	126.872600	f
3.070000	127.046849	10.134261	0.000000	126.642010	f
3.080000	126.746123	9.550198	0.000000	126.385812	f
3.090000	126.423025	8.974727	0.000000	126.104066	f
3.100000	126.077667	8.409162	0.000000	125.796917	f
3.110000	125.710134	7.854671	0.000000	125.464504	f
3.120000	125.320560	7.312449	0.000000	125.107037	f
3.130000	124.909269	6.783866	0.000000	124.724916	f
3.140000	124.476668	6.270288	0.000000	124.318640	f
3.150000	124.023251	5.773071	0.000000	123.888814	f
3.160000	123.544380	5.288067	0.000000	123.431156	f
3.170000	123.034805	4.811873	0.000000	122.940674	f
3.180000	122.494533	4.346734	0.000000	122.417387	f
3.190000	121.923709	3.894913	0.000000	121.861480	f
3.200000	121.322613	3.458673	0.000000	121.273303	f
3.210000	120.699209	3.045427	0.000000	120.660783	f
3.220000	120.062245	2.661450	0.000000	120.032743	f
3.230000	119.413134	2.307491	0.000000	119.390837	f
3.240000	118.753357	1.984188	0.000000	118.736779	f
3.250000	118.084459	1.692060	0.000000	118.072335	f
3.260000	117.403973	1.429880	0.000000	117.395266	f
3.270000	116.709288	1.196876	0.000000	116.703151	f
3.280000	116.001877	0.993946	0.000000	115.997619	f
3.290000	115.283288	0.821869	0.000000	115.280358	f
3.300000	114.555132	0.681302	0.000000	114.553106	f
3.310000	113.822516	0.573310	0.000000	113.821072	f
3.320000	113.090648	0.498357	0.000000	113.089550	f
3.330000	112.361320	0.456091	0.000000	112.360394	f
3.340000	111.636312	0.446037	0.000000	111.635421	f
3.350000	110.917381	0.467597	0.000000	110.916395	f
3.360000	110.203984	0.520216	0.000000	110.202756	f
3.370000	109.495570	0.603532	0.000000	109.493907	f
3.380000	108.793835	0.717021	0.000000	108.791472	f
3.390000	108.100443	0.860054	0.000000	108.097022	f
3.400000	107.417017	1.031910	0.000000	107.412061	f
3.410000	106.744857	1.231859	0.000000	106.737749	f
3.420000	106.085219	1.459131	0.000000	106.075184	f
3.430000	105.439574	1.712811	0.000000	105.425662	f
3.440000	104.809327	1.991918	0.000000	104.790397	f
3.450000	104.195806	2.295413	0.000000	104.170520	f
3.460000	103.601821	2.621346	0.000000	103.568653	f
3.470000	103.029957	2.967514	0.000000	102.987212	f
3.480000	102.481098	3.332508	0.000000	102.426900	f
3.490000	101.956019	3.714900	0.000000	101.888318	f
3.500000	101.455385	4.113259	0.000000	101.371970	f
3.510000	100.977076	4.528525	0.000000	100.875480	f
3.520000	100.519252	4.962009	0.000000	100.396706	f
3.530000	100.082751	5.412711	0.000000	99.936278	f
3.540000	99.668333	5.879620	0.000000	99.494757	f
3.550000	99.276675	6.361721	0.000000	99.072633	f
3.560000	98.911472	6.853682	0.000000	98.673737	f
3.570000	98.575607	7.349722	0.000000	98.301231	f
3.580000	98.268628	7.848382	0.000000	97.954715	f
3.590000	97.989981	8.348262	0.000000	97.633719	f
3.600000	97.739016	8.848021	0.000000	97.337700	f
3.610000	97.513268	9.350490	0.000000	97.063927	f
3.620000	97.310898	9.858854	0.000000	96.810195	f
3.630000	97.131807	10.372227	0.000000	96.576420	f
3.640000	96.975841	10.889755	0.000000	96.362477	f
3.650000	96.842789	11.410617	0.000000	96.168205	f
3.660000	96.732671	11.932479	0.000000	95.993883	f
3.670000	96.645194	12.452977	0.000000	95.839537	f
3.680000	96.579733	12.971344	0.000000	95.704697	f
3.690000	96.535627	13.486859	0.000000	95.588870	f
3.700000	96.512190	13.998848	0.000000	95.491545	f
3.710000	96.508675	14.505431	0.000000	95.412352	f
3.720000	96.524105	15.004751	0.000000	95.350723	f
3.730000	96.557530	15.496260	0.000000	95.305941	f
3.740000	96.607996	15.979464	0.000000	95.277288	f
3.750000	96.674551	16.453913	0.000000	95.264041	f
3.760000	96.756839	16.921942	0.000000	95.265596	f
3.770000	96.854971	17.385908	0.000000	95.281770	f
3.780000	96.968426	17.845451	0.000000	95.312200	f
3.790000	97.096684	18.300236	0.000000	95.356528	f
3.800000	97.239229	18.749953	0.000000	95.414396	f
3.810000	97.395210	19.193463	0.000000	95.485276	f
3.820000	97.563648	19.629679	0.000000	95.568515	f
3.830000	97.743931	20.058386	0.000000	95.663667	f
3.840000	97.935464	20.479391	0.000000	95.770296	f
3.850000	98.137667	20.892525	0.000000	95.887977	f
3.860000	98.349749	21.297238	0.000000	96.016148	f
3.870000	98.570872	21.693026	0.000000	96.154196	f
3.880000	98.800462	22.079795	0.000000	96.301682	f
3.890000	99.037969	22.457468	0.000000	96.458185	f
3.900000	99.282861	22.825986	0.000000	96.623294	f
3.910000	99.534521	23.185160	0.000000	96.796535	f
3.920000	99.792331	23.534828	0.000000	96.977426	f
3.930000	100.055813	23.874980	0.000000	97.165585	f
3.940000	100.324507	24.205615	0.000000	97.360644	f
3.950000	100.597979	24.526744	0.000000	97.562248	f
3.960000	100.875328	24.837888	0.000000	97.769684	f
3.970000	101.155606	25.138636	0.000000	97.982170	f
3.980000	101.438398	25.429070	0.000000	98.199343	f
3.990000	101.723312	25.709277	0.000000	98.420858	f
4.000000	102.009978	25.979352	0.000000	98.646383	f
4.010000	102.299683	26.240730	0.000000	98.876940	f
4.020000	102.593902	26.494626	0.000000	99.113791	f
4.030000	102.892420	26.740982	0.000000	99.356781	f
4.040000	103.195031	26.979739	0.000000	99.605763	f
4.050000	103.501536	27.210837	0.000000	99.860594	f
4.060000	103.809116	27.432501	0.000000	100.118882	f
4.070000	104.114772	27.643342	0.000000	100.377942	f
4.080000	104.418238	27.843557	0.000000	100.637491	f
4.090000	104.719270	28.033340	0.000000	100.897261	f
4.100000	105.017643	28.212891	0.000000	101.156998	f
4.110000	105.316083	28.383883	0.000000	101.419094	f
4.120000	105.617463	28.547530	0.000000	101.686218	f
4.130000	105.921651	28.703721	0.000000	101.958288	f
4.140000	106.228517	28.852339	0.000000	102.235221	f
4.150000	106.537932	28.993259	0.000000	102.516935	f
4.160000	106.847985	29.125692	0.000000	102.801683	f
4.170000	107.156733	29.249140	0.000000	103.087599	f
4.180000	107.464044	29.363645	0.000000	103.374548	f
4.190000	107.769797	29.469245	0.000000	103.662398	f
4.200000	108.073873	29.565971	0.000000	103.951024	f
4.210000	108.376557	29.653940	0.000000	104.240693	f
4.220000	108.678138	29.733196	0.000000	104.531692	f
4.230000	108.978501	29.803704	0.000000	104.823913	f
4.240000	109.277532	29.865424	0.000000	105.117246	f
4.250000	109.575117	29.918305	0.000000	105.411580	f
4.260000	109.872159	29.962394	0.000000	105.707835	f
4.270000	110.169527	29.997533	0.000000	106.006946	f
4.280000	110.467067	30.023532	0.000000	106.308797	f
4.290000	110.764616	30.040188	0.000000	106.613260	f
4.300000	111.062004	30.047289	0.000000	106.920200	f
4.310000	111.357582	30.044688	0.000000	107.227924	f
4.320000	111.649777	30.032517	0.000000	107.534741	f
4.330000	111.938460	30.010720	0.000000	107.840509	f
4.340000	112.223496	29.979234	0.000000	108.145081	f
4.350000	112.504744	29.937988	0.000000	108.448303	f
4.360000	112.781642	29.886991	0.000000	108.749559	f
4.370000	113.053658	29.826334	0.000000	109.048244	f
4.380000	113.320655	29.755978	0.000000	109.344194	f
4.390000	113.582487	29.675878	0.000000	109.637237	f
4.400000	113.839000	29.585982	0.000000	109.927193	f
4.410000	114.091015	29.485819	0.000000	110.215000	f
4.420000	114.339210	29.374690	0.000000	110.501504	f
4.430000	114.583302	29.252390	0.000000	110.786420	f
4.440000	114.822989	29.118708	0.000000	111.069436	f
4.450000	115.057949	28.973435	0.000000	111.350221	f
4.460000	115.288130	28.816162	0.000000	111.628768	f
4.470000	115.513404	28.646416	0.000000	111.905002	f
4.480000	115.733348	28.463949	0.000000	112.178481	f
4.490000	115.947514	28.268520	0.000000	112.448729	f
4.500000	116.155427	28.059899	0.000000	112.715239	f
4.510000	116.353042	27.841633	0.000000	112.972890	f
4.520000	116.537197	27.618210	0.000000	113.217282	f
4.530000	116.708008	27.390045	0.000000	113.448423	f
4.540000	116.865595	27.157554	0.000000	113.666330	f
4.550000	117.010078	26.921149	0.000000	113.871024	f
4.560000	117.139872	26.684133	0.000000	114.060101	f
4.570000	117.254044	26.450301	0.000000	114.231749	f
4.580000	117.353217	26.220385	0.000000	114.386489	f
4.590000	117.438035	25.995098	0.000000	114.524875	f
4.600000	117.509165	25.775128	0.000000	114.647488	f
4.610000	117.568609	25.557100	0.000000	114.757189	f
4.620000	117.617518	25.337159	0.000000	114.856036	f
4.630000	117.655945	25.115632	0.000000	114.944015	f
4.640000	117.683947	24.892860	0.000000	115.021115	f
4.650000	117.701585	24.669196	0.000000	115.087331	f
4.660000	117.709211	24.442141	0.000000	115.143563	f
4.670000	117.706593	24.209028	0.000000	115.190126	f
4.680000	117.693344	23.970157	0.000000	115.226537	f
4.690000	117.669084	23.725875	0.000000	115.252315	f
4.700000	117.633443	23.476579	0.000000	115.266982	f
4.710000	117.586012	23.222185	0.000000	115.270119	f
4.720000	117.526294	22.962656	0.000000	115.261209	f
4.730000	117.453896	22.698545	0.000000	115.239723	f
4.740000	117.368455	22.430466	0.000000	115.205158	f
4.750000	117.269647	22.159094	0.000000	115.157043	f
4.760000	117.157405	21.885844	0.000000	115.095036	f
4.770000	117.031844	21.612170	0.000000	115.018984	f
4.780000	116.892894	21.338879	0.000000	114.928678	f
4.790000	116.740540	21.066821	0.000000	114.823964	f
4.800000	116.574830	20.796879	0.000000	114.704755	f
4.810000	116.395395	20.529090	0.000000	114.570697	f
4.820000	116.201772	20.263586	0.000000	114.421321	f
4.830000	115.994086	20.001408	0.000000	114.256605	f
4.840000	115.772550	19.743621	0.000000	114.076609	f
4.850000	115.537459	19.491301	0.000000	113.881489	f
4.860000	115.289331	19.245686	0.000000	113.671604	f
4.870000	115.028803	19.007985	0.000000	113.447442	f
4.880000	114.756459	18.779232	0.000000	113.209475	f
4.890000	114.472971	18.560434	0.000000	112.958273	f
4.900000	114.179097	18.352559	0.000000	112.694497	f
4.910000	113.875646	18.156505	0.000000	112.418878	f
4.920000	113.563503	17.973117	0.000000	112.132226	f
4.930000	113.243649	17.803193	0.000000	111.835461	f
4.940000	112.917133	17.647454	0.000000	111.529575	f
4.950000	112.584607	17.506300	0.000000	111.215211	f
4.960000	112.246741	17.380124	0.000000	110.893021	f
4.970000	111.904706	17.269462	0.000000	110.564139	f
4.980000	111.559707	17.174751	0.000000	110.229743	f
4.990000	111.212978	17.096321	0.000000	109.891048	f
5.000000	110.865905	17.034430	0.000000	109.549427	f
5.010000	110.519879	16.989199	0.000000	109.206276	f
5.020000	110.176145	16.960601	0.000000	108.862854	f
5.030000	109.835927	16.948500	0.000000	108.520409	f
5.040000	109.500417	16.952650	0.000000	108.180170	f
5.050000	109.170590	16.972698	0.000000	107.843151	f
5.060000	108.847372	17.008228	0.000000	107.510328	f
5.070000	108.531810	17.058730	0.000000	107.182804	f
5.080000	108.224880	17.123605	0.000000	106.861625	f
5.090000	107.927485	17.202174	0.000000	106.547770	f
5.100000	107.640690	17.293622	0.000000	106.242406	f
5.110000	107.365450	17.397019	0.000000	105.946608	f
5.120000	107.102377	17.511440	0.000000	105.661103	f
5.130000	106.851982	17.635915	0.000000	105.386530	f
5.140000	106.614676	17.769438	0.000000	105.123434	f
5.150000	106.390496	17.911125	0.000000	104.871966	f
5.160000	106.179419	18.060136	0.000000	104.632215	f
5.170000	105.981594	18.215463	0.000000	104.404478	f
5.180000	105.797075	18.376095	0.000000	104.188964	f
5.190000	105.625824	18.541027	0.000000	103.985793	f
5.200000	105.467847	18.709133	0.000000	103.795159	f
5.210000	105.323031	18.879277	0.000000	103.617150	f
5.220000	105.191053	19.050488	0.000000	103.451614	f
5.230000	105.071517	19.221832	0.000000	103.298329	f
5.240000	104.963958	19.392412	0.000000	103.157001	f
5.250000	104.867713	19.561633	0.000000	103.027083	f
5.260000	104.782121	19.728987	0.000000	102.908017	f
5.270000	104.706616	19.893754	0.000000	102.799387	f
5.280000	104.640593	20.055269	0.000000	102.700730	f
5.290000	104.583416	20.212920	0.000000	102.611543	f
5.300000	104.534475	20.365953	0.000000	102.531382	f
5.310000	104.493100	20.513653	0.000000	102.459738	f
5.320000	104.458563	20.655567	0.000000	102.395991	f
5.330000	104.430131	20.791303	0.000000	102.339504	f
5.340000	104.407073	20.920526	0.000000	102.289631	f
5.350000	104.388660	21.043077	0.000000	102.245691	f
5.360000	104.374199	21.158858	0.000000	102.207026	f
5.370000	104.363009	21.267706	0.000000	102.173002	f
5.380000	104.354430	21.369511	0.000000	102.142993	f
5.390000	104.347823	21.464213	0.000000	102.116383	f
5.400000	104.342592	21.551885	0.000000	102.092569	f
5.410000	104.338186	21.632650	0.000000	102.070983	f
5.420000	104.334064	21.706575	0.000000	102.051073	f
5.430000	104.329715	21.773771	0.000000	102.032310	f
5.440000	104.324663	21.834379	0.000000	102.014191	f
5.450000	104.318414	21.888440	0.000000	101.996214	f
5.460000	104.310482	21.936027	0.000000	101.977877	f
5.470000	104.300477	21.977377	0.000000	101.958739	f
5.480000	104.288041	22.012747	0.000000	101.938385	f
5.490000	104.272854	22.042420	0.000000	101.916435	f
5.500000	104.254736	22.066876	0.000000	101.892605	f
5.510000	104.233573	22.086600	0.000000	101.866677	f
5.520000	104.209172	22.101905	0.000000	101.838388	f
5.530000	104.181370	22.113117	0.000000	101.807505	f
5.540000	104.150037	22.120567	0.000000	101.773821	f
5.550000	104.114975	22.124468	0.000000	101.737092	f
5.560000	104.075997	22.125054	0.000000	101.697075	f
5.570000	104.033046	22.122675	0.000000	101.653637	f
5.580000	103.986093	22.117683	0.000000	101.606671	f
5.590000	103.935134	22.110424	0.000000	101.556099	f
5.600000	103.880250	22.101303	0.000000	101.501915	f
5.610000	103.821557	22.090706	0.000000	101.444154	f
5.620000	103.759124	22.078960	0.000000	101.382816	f
5.630000	103.693046	22.066380	0.000000	101.317929	f
5.640000	103.623433	22.053276	0.000000	101.249538	f
5.650000	103.550515	22.040015	0.000000	101.177798	f
5.660000	103.474546	22.026939	0.000000	101.102897	f
5.670000	103.395694	22.014310	0.000000	101.024946	f
5.680000	103.314137	22.002375	0.000000	100.944076	f
5.690000	103.230065	21.991368	0.000000	100.860429	f
5.700000	103.143586	21.981460	0.000000	100.774078	f
5.710000	103.054811	21.972821	0.000000	100.685099	f
5.720000	102.963956	21.965653	0.000000	100.593670	f
5.730000	102.871247	21.960139	0.000000	100.499979	f
5.740000	102.776917	21.956449	0.000000	100.404228	f
5.750000	102.681324	21.954777	0.000000	100.306740	f
5.760000	102.584837	21.955281	0.000000	100.207856	f
5.770000	102.487701	21.958061	0.000000	100.107804	f
5.780000	102.390165	21.963205	0.000000	100.006818	f
5.790000	102.292480	21.970778	0.000000	99.905137	f
5.800000	102.194822	21.980817	0.000000	99.802933	f
5.810000	102.097372	21.993352	0.000000	99.700380	f
5.820000	102.000375	22.008407	0.000000	99.597723	f
5.830000	101.904074	22.025985	0.000000	99.495208	f
5.840000	101.808711	22.046073	0.000000	99.393080	f
5.850000	101.714543	22.068637	0.000000	99.291609	f
5.860000	101.621824	22.093625	0.000000	99.191062	f
5.870000	101.530773	22.120964	0.000000	99.091679	f
5.880000	101.441601	22.150563	0.000000	98.993692	f
5.890000	101.354511	22.182315	0.000000	98.897329	f
5.900000	101.269757	22.216083	0.000000	98.802881	f
5.910000	101.187579	22.251700	0.000000	98.710628	f
5.920000	101.108138	22.288997	0.000000	98.620769	f
5.930000	101.031579	22.327788	0.000000	98.533496	f
5.940000	100.958032	22.367868	0.000000	98.448986	f
5.950000	100.887598	22.409024	0.000000	98.367389	f
5.960000	100.820361	22.451029	0.000000	98.288842	f
5.970000	100.756396	22.493636	0.000000	98.213480	f
5.980000	100.695759	22.536584	0.000000	98.141419	f
5.990000	100.638482	22.579601	0.000000	98.072757	f
6.000000	100.584634	22.622366	0.000000	98.007638	f
6.010000	100.534249	22.664533	0.000000	97.946180	f
6.020000	100.487281	22.705791	0.000000	97.888409	f
6.030000	100.443659	22.745817	0.000000	97.834331	f
6.040000	100.403285	22.784285	0.000000	97.783925	f
6.050000	100.366033	22.820864	0.000000	97.737141	f
6.060000	100.331752	22.855220	0.000000	97.693907	f
6.070000	100.300262	22.887021	0.000000	97.654118	f
6.080000	100.271354	22.915934	0.000000	97.617644	f
6.090000	100.244793	22.941633	0.000000	97.584323	f
6.100000	100.220319	22.963790	0.000000	97.553968	f
6.110000	100.197644	22.982089	0.000000	97.526363	f
6.120000	100.176451	22.996230	0.000000	97.501255	f
6.130000	100.156396	23.005929	0.000000	97.478362	f
6.140000	100.137115	23.010919	0.000000	97.457372	f
6.150000	100.118201	23.011008	0.000000	97.437917	f
6.160000	100.099243	23.006032	0.000000	97.419613	f
6.170000	100.079823	22.995799	0.000000	97.402074	f
6.180000	100.059505	22.980151	0.000000	97.384892	f
6.190000	100.037844	22.958958	0.000000	97.367636	f
6.200000	100.014393	22.931946	0.000000	97.349908	f
6.210000	99.988661	22.898867	0.000000	97.331260	f
6.220000	99.960149	22.859701	0.000000	97.311178	f
6.230000	99.928359	22.814475	0.000000	97.289139	f
6.240000	99.892797	22.763260	0.000000	97.264613	f
6.250000	99.853031	22.706497	0.000000	97.237044	f
6.260000	99.808705	22.644675	0.000000	97.205948	f
6.270000	99.759422	22.578016	0.000000	97.170857	f
6.280000	99.704808	22.506785	0.000000	97.131320	f
6.290000	99.644515	22.431296	0.000000	97.086901	f
6.300000	99.578040	22.351413	0.000000	97.037109	f
6.310000	99.504822	22.267062	0.000000	96.981378	f
6.320000	99.424542	22.178715	0.000000	96.919267	f
6.330000	99.336929	22.086889	0.000000	96.850373	f
6.340000	99.241761	21.992146	0.000000	96.774339	f
6.350000	99.139160	21.895545	0.000000	96.691045	f
6.360000	99.029388	21.798137	0.000000	96.600522	f
6.370000	98.912468	21.700540	0.000000	96.502658	f
6.380000	98.788483	21.603387	0.000000	96.397397	f
6.390000	98.657575	21.507323	0.000000	96.284745	f
6.400000	98.519644	21.412666	0.000000	96.164535	f
6.410000	98.374593	21.319790	0.000000	96.036593	f
6.420000	98.222704	21.229386	0.000000	95.901057	f
6.430000	98.064318	21.142135	0.000000	95.758136	f
6.440000	97.899840	21.058699	0.000000	95.608105	f
6.450000	97.729972	20.979891	0.000000	95.451514	f
6.460000	97.555500	20.906446	0.000000	95.289013	f
6.470000	97.377005	20.838882	0.000000	95.121091	f
6.480000	97.195110	20.777669	0.000000	94.948291	f
6.490000	97.010473	20.723224	0.000000	94.771198	f
6.500000	96.823429	20.675747	0.000000	94.590115	f
6.510000	96.634317	20.635447	0.000000	94.405347	f
6.520000	96.443851	20.602622	0.000000	94.217559	f
6.530000	96.252757	20.577504	0.000000	94.027441	f
6.540000	96.061766	20.560256	0.000000	93.835701	f
6.550000	95.871868	20.551025	0.000000	93.643315	f
6.560000	95.684042	20.549831	0.000000	93.451273	f
6.570000	95.498982	20.556576	0.000000	93.260295	f
6.580000	95.317349	20.571091	0.000000	93.071087	f
6.590000	95.139774	20.593142	0.000000	92.884332	f
6.600000	94.986783	20.621037	0.000000	92.721420	f
6.610000	94.842140	20.654294	0.000000	92.565824	f
6.620000	94.702267	20.692933	0.000000	92.413862	f
6.630000	94.567558	20.736555	0.000000	92.266020	f
6.640000	94.438358	20.784718	0.000000	92.122739	f
6.650000	94.314952	20.836940	0.000000	91.984412	f
6.660000	94.197563	20.892709	0.000000	91.851378	f
6.670000	94.086358	20.951487	0.000000	91.723922	f
6.680000	93.981438	21.012715	0.000000	91.602274	f
6.690000	93.882847	21.075821	0.000000	91.486604	f
6.700000	93.790567	21.140223	0.000000	91.377029	f
6.710000	93.704521	21.205339	0.000000	91.273604	f
6.720000	93.624577	21.270590	0.000000	91.176332	f
6.730000	93.550551	21.335405	0.000000	91.085158	f
6.740000	93.482206	21.399228	0.000000	90.999977	f
6.750000	93.419261	21.461521	0.000000	90.920633	f
6.760000	93.361393	21.521770	0.000000	90.846922	f
6.770000	93.308241	21.579488	0.000000	90.778597	f
6.780000	93.259411	21.634219	0.000000	90.715369	f
6.790000	93.214479	21.685540	0.000000	90.656916	f
6.800000	93.173001	21.733065	0.000000	90.602880	f
6.810000	93.134511	21.776448	0.000000	90.552876	f
6.820000	93.098531	21.815380	0.000000	90.506495	f
6.830000	93.064572	21.849597	0.000000	90.463306	f
6.840000	93.032143	21.878875	0.000000	90.422864	f
6.850000	93.000749	21.903033	0.000000	90.384714	f
6.860000	92.969902	21.921935	0.000000	90.348389	f
6.870000	92.939118	21.935483	0.000000	90.313422	f
6.880000	92.907927	21.943626	0.000000	90.279345	f
6.890000	92.875872	21.946349	0.000000	90.245694	f
6.900000	92.842512	21.943678	0.000000	90.212012	f
6.910000	92.807428	21.935677	0.000000	90.177851	f
6.920000	92.770221	21.922445	0.000000	90.142777	f
6.930000	92.730518	21.904117	0.000000	90.106374	f
6.940000	92.687970	21.880856	0.000000	90.068240	f
6.950000	92.642256	21.852857	0.000000	90.027997	f
6.960000	92.593084	21.820343	0.000000	89.985287	f
6.970000	92.540190	21.783559	0.000000	89.939776	f
6.980000	92.483341	21.742774	0.000000	89.891157	f
6.990000	92.422331	21.698276	0.000000	89.839146	f
7.000000	92.356989	21.650371	0.000000	89.783489	f
7.010000	92.287171	21.599378	0.000000	89.723958	f
7.020000	92.212762	21.545629	0.000000	89.660355	f
7.030000	92.133680	21.489467	0.000000	89.592509	f
7.040000	92.049869	21.431241	0.000000	89.520278	f
7.050000	91.961302	21.371306	0.000000	89.443548	f
7.060000	91.867980	21.310018	0.000000	89.362234	f
7.070000	91.769931	21.247738	0.000000	89.276278	f
7.080000	91.667206	21.184821	0.000000	89.185649	f
7.090000	91.559883	21.121624	0.000000	89.090343	f
7.100000	91.448063	21.058496	0.000000	88.990381	f
7.110000	91.331868	20.995781	0.000000	88.885810	f
7.120000	91.211442	20.933813	0.000000	88.776700	f
7.130000	91.086948	20.872921	0.000000	88.663145	f
7.140000	90.958569	20.813420	0.000000	88.545259	f
7.150000	90.826503	20.755612	0.000000	88.423177	f
7.160000	90.690967	20.699791	0.000000	88.297056	f
7.170000	90.552189	20.646231	0.000000	88.167069	f
7.180000	90.410413	20.595195	0.000000	88.033407	f
7.190000	90.265895	20.546930	0.000000	87.896277	f
7.200000	90.118901	20.501664	0.000000	87.755900	f
7.210000	89.969706	20.459610	0.000000	87.612513	f
7.220000	89.818596	20.420962	0.000000	87.466362	f
7.230000	89.665861	20.385897	0.000000	87.317707	f
7.240000	89.511799	20.354571	0.000000	87.166815	f
7.250000	89.356712	20.327123	0.000000	87.013965	f
7.260000	89.200904	20.303671	0.000000	86.859440	f
7.270000	89.044684	20.284314	0.000000	86.703531	f
7.280000	88.888359	20.269131	0.000000	86.546535	f
7.290000	88.732238	20.258180	0.000000	86.388750	f
7.300000	88.576627	20.251500	0.000000	86.230479	f
7.310000	88.421830	20.249109	0.000000	86.072025	f
7.320000	88.268147	20.251005	0.000000	85.913693	f
7.330000	88.115873	20.257165	0.000000	85.755783	f
7.340000	87.965297	20.267545	0.000000	85.598598	f
7.350000	87.816698	20.282084	0.000000	85.442434	f
7.360000	87.670351	20.300699	0.000000	85.287584	f
7.370000	87.526515	20.323287	0.000000	85.134335	f
7.380000	87.385444	20.349726	0.000000	84.982966	f
7.390000	87.247374	20.379875	0.000000	84.833749	f
7.400000	87.112531	20.413575	0.000000	84.686947	f
7.410000	86.981125	20.450648	0.000000	84.542813	f
7.420000	86.853351	20.490899	0.000000	84.401585	f
7.430000	86.729384	20.534114	0.000000	84.263493	f
7.440000	86.609384	20.580065	0.000000	84.128748	f
7.450000	86.493490	20.628507	0.000000	83.997550	f
7.460000	86.381821	20.679181	0.000000	83.870081	f
7.470000	86.274474	20.731812	0.000000	83.746503	f
7.480000	86.171525	20.786113	0.000000	83.626964	f
7.490000	86.073025	20.841787	0.000000	83.511589	f
7.500000	85.979002	20.898522	0.000000	83.400483	f
7.510000	85.889458	20.956001	0.000000	83.293728	f
7.520000	85.804372	21.013896	0.000000	83.191385	f
7.530000	85.723695	21.071873	0.000000	83.093490	f
7.540000	85.647352	21.129593	0.000000	83.000055	f
7.550000	85.575241	21.186714	0.000000	82.911066	f
7.560000	85.507233	21.242892	0.000000	82.826484	f
7.570000	85.443175	21.297783	0.000000	82.746242	f
7.580000	85.382884	21.351046	0.000000	82.670247	f
7.590000	85.326152	21.402345	0.000000	82.598377	f
7.600000	85.272747	21.451349	0.000000	82.530485	f
7.610000	85.222410	21.497737	0.000000	82.466396	f
7.620000	85.174860	21.541200	0.000000	82.405907	f
7.630000	85.129791	21.581441	0.000000	82.348787	f
7.640000	85.086879	21.618180	0.000000	82.294783	f
7.650000	85.045777	21.651156	0.000000	82.243612	f
7.660000	85.006124	21.680128	0.000000	82.194971	f
7.670000	84.967540	21.704879	0.000000	82.148531	f
7.680000	84.929634	21.725217	0.000000	82.103945	f
7.690000	84.892003	21.740978	0.000000	82.060843	f
7.700000	84.854236	21.752030	0.000000	82.018842	f
7.710000	84.815917	21.758272	0.000000	81.977542	f
7.720000	84.776629	21.759635	0.000000	81.936531	f
7.730000	84.735954	21.756089	0.000000	81.895388	f
7.740000	84.693481	21.747639	0.000000	81.853686	f
7.750000	84.648805	21.734328	0.000000	81.810997	f
7.760000	84.601534	21.716240	0.000000	81.766891	f
7.770000	84.551289	21.693495	0.000000	81.720944	f
7.780000	84.497712	21.666255	0.000000	81.672742	f
7.790000	84.440467	21.634720	0.000000	81.621880	f
7.800000	84.379242	21.599129	0.000000	81.567972	f
7.810000	84.313755	21.559758	0.000000	81.510650	f
7.820000	84.243757	21.516919	0.000000	81.449572	f
7.830000	84.169034	21.470956	0.000000	81.384423	f
7.840000	84.089409	21.422247	0.000000	81.314919	f
7.850000	84.004745	21.371196	0.000000	81.240810	f
7.860000	83.914950	21.318233	0.000000	81.161886	f
7.870000	83.819973	21.263809	0.000000	81.077977	f
7.880000	83.719811	21.208392	0.000000	80.988955	f
7.890000	83.614504	21.152464	0.000000	80.894738	f
7.900000	83.504143	21.096514	0.000000	80.795291	f
7.910000	83.388862	21.041037	0.000000	80.690625	f
7.920000	83.268841	20.986523	0.000000	80.580802	f
7.930000	83.144306	20.933460	0.000000	80.465930	f
7.940000	83.015526	20.882322	0.000000	80.346165	f
7.950000	82.882810	20.833567	0.000000	80.221710	f
7.960000	82.746505	20.787632	0.000000	80.092811	f
7.970000	82.606992	20.744931	0.000000	79.959758	f
7.980000	82.464685	20.705843	0.000000	79.822881	f
7.990000	82.320025	20.670717	0.000000	79.682545	f
8.000000	82.173475	20.639864	0.000000	79.539148	f
8.010000	82.025517	20.613551	0.000000	79.393117	f
8.020000	81.876646	20.592005	0.000000	79.244902	f
8.030000	81.727365	20.575405	0.000000	79.094974	f
8.040000	81.578182	20.563883	0.000000	78.943818	f
8.050000	81.429600	20.557523	0.000000	78.791929	f
8.060000	81.282117	20.556359	0.000000	78.639803	f
8.070000	81.136218	20.560375	0.000000	78.487941	f
8.080000	80.992370	20.569508	0.000000	78.336833	f
8.090000	80.851020	20.583647	0.000000	78.186961	f
8.100000	80.712586	20.602635	0.000000	78.038792	f
8.110000	80.577458	20.626272	0.000000	77.892770	f
8.120000	80.445991	20.654315	0.000000	77.749320	f
8.130000	80.318501	20.686485	0.000000	77.608833	f
8.140000	80.195267	20.722467	0.000000	77.471674	f
8.150000	80.076525	20.761916	0.000000	77.338171	f
8.160000	79.962464	20.804458	0.000000	77.208615	f
8.170000	79.853232	20.849697	0.000000	77.083259	f
8.180000	79.748929	20.897218	0.000000	76.962315	f
8.190000	79.649609	20.946591	0.000000	76.845953	f
8.200000	79.555281	20.997376	0.000000	76.734301	f
8.210000	79.465908	21.049126	0.000000	76.627442	f
8.220000	79.381412	21.101393	0.000000	76.525419	f
8.230000	79.301671	21.153731	0.000000	76.428232	f
8.240000	79.226525	21.205701	0.000000	76.335840	f
8.250000	79.155775	21.256873	0.000000	76.248161	f
8.260000	79.089190	21.306830	0.000000	76.165077	f
8.270000	79.026507	21.355174	0.000000	76.086433	f
8.280000	78.967433	21.401526	0.000000	76.012040	f
8.290000	78.911653	21.445527	0.000000	75.941677	f
8.300000	78.858829	21.486847	0.000000	75.875097	f
8.310000	78.808606	21.525179	0.000000	75.812024	f
8.320000	78.760615	21.560250	0.000000	75.752163	f
8.330000	78.714477	21.591811	0.000000	75.695195	f
8.340000	78.669803	21.619650	0.000000	75.640787	f
8.350000	78.626205	21.643583	0.000000	75.588593	f
8.360000	78.583290	21.663462	0.000000	75.538254	f
8.370000	78.540670	21.679170	0.000000	75.489406	f
8.380000	78.497963	21.690622	0.000000	75.441680	f
8.390000	78.454795	21.697770	0.000000	75.394706	f
8.400000	78.410801	21.700592	0.000000	75.348113	f
8.410000	78.365633	21.699101	0.000000	75.301537	f
8.420000	78.318955	21.693341	0.000000	75.254619	f
8.430000	78.270450	21.683381	0.000000	75.207010	f
8.440000	78.219819	21.669322	0.000000	75.158370	f
8.450000	78.166785	21.651289	0.000000	75.108375	f
8.460000	78.111092	21.629430	0.000000	75.056715	f
8.470000	78.052506	21.603920	0.000000	75.003095	f
8.480000	77.990816	21.574952	0.000000	74.947240	f
8.490000	77.925838	21.542739	0.000000	74.888895	f
8.500000	77.857409	21.507511	0.000000	74.827824	f
8.510000	77.785394	21.469512	0.000000	74.763812	f
8.520000	77.709681	21.429004	0.000000	74.696669	f
8.530000	77.630183	21.386254	0.000000	74.626225	f
8.540000	77.546837	21.341543	0.000000	74.552334	f
8.550000	77.459608	21.295158	0.000000	74.474875	f
8.560000	77.368479	21.247391	0.000000	74.393750	f
8.570000	77.273462	21.198538	0.000000	74.308882	f
8.580000	77.174588	21.148898	0.000000	74.220221	f
8.590000	77.071911	21.098769	0.000000	74.127737	f
8.600000	76.965507	21.048448	0.000000	74.031426	f
8.610000	76.855470	20.998228	0.000000	73.931304	f
8.620000	76.741915	20.948399	0.000000	73.827408	f
8.630000	76.624976	20.899244	0.000000	73.719798	f
8.640000	76.504803	20.851038	0.000000	73.608553	f
8.650000	76.381561	20.804048	0.000000	73.493771	f
8.660000	76.255432	20.758532	0.000000	73.375570	f
8.670000	76.126612	20.714734	0.000000	73.254084	f
8.680000	75.995309	20.672890	0.000000	73.129465	f
8.690000	75.861742	20.633219	0.000000	73.001878	f
8.700000	75.726141	20.595928	0.000000	72.871504	f
8.710000	75.588745	20.561211	0.000000	72.738539	f
8.720000	75.449802	20.529243	0.000000	72.603188	f
8.730000	75.309566	20.500185	0.000000	72.465668	f
8.740000	75.168295	20.474181	0.000000	72.326209	f
8.750000	75.026254	20.451359	0.000000	72.185045	f
8.760000	74.883709	20.431826	0.000000	72.042420	f
8.770000	74.740928	20.415676	0.000000	71.898585	f
8.780000	74.598181	20.402980	0.000000	71.753795	f
8.790000	74.455736	20.393794	0.000000	71.608308	f
8.800000	74.313858	20.388154	0.000000	71.462386	f
8.810000	74.172811	20.386078	0.000000	71.316293	f
8.820000	74.032853	20.387563	0.000000	71.170293	f
8.830000	73.894237	20.392590	0.000000	71.024648	f
8.840000	73.757210	20.401122	0.000000	70.879618	f
8.850000	73.622008	20.413099	0.000000	70.735461	f
8.860000	73.488860	20.428448	0.000000	70.592429	f
8.870000	73.357984	20.447076	0.000000	70.450769	f
8.880000	73.229586	20.468871	0.000000	70.310722	f
8.890000	73.103861	20.493705	0.000000	70.172520	f
8.900000	72.980986	20.521435	0.000000	70.036384	f
8.910000	72.861128	20.551899	0.000000	69.902528	f
8.920000	72.744434	20.584922	0.000000	69.771152	f
8.930000	72.631036	20.620311	0.000000	69.642445	f
8.940000	72.521047	20.657863	0.000000	69.516580	f
8.950000	72.414563	20.697358	0.000000	69.393719	f
8.960000	72.311658	20.738567	0.000000	69.274005	f
8.970000	72.212388	20.781248	0.000000	69.157564	f
8.980000	72.116786	20.825147	0.000000	69.044508	f
8.990000	72.024866	20.870006	0.000000	68.934927	f
9.000000	71.936616	20.915554	0.000000	68.828892	f
9.010000	71.852007	20.961517	0.000000	68.726456	f
9.020000	71.770983	21.007614	0.000000	68.627649	f
9.030000	71.693467	21.053561	0.000000	68.532480	f
9.040000	71.619361	21.099073	0.000000	68.440938	f
9.050000	71.548541	21.143863	0.000000	68.352987	f
9.060000	71.480865	21.187647	0.000000	68.268570	f
9.070000	71.416165	21.230143	0.000000	68.187607	f
9.080000	71.354257	21.271073	0.000000	68.109995	f
9.090000	71.294931	21.310168	0.000000	68.035608	f
9.100000	71.237964	21.347166	0.000000	67.964299	f
9.110000	71.183109	21.381816	0.000000	67.895898	f
9.120000	71.130106	21.413880	0.000000	67.830212	f
9.130000	71.078678	21.443133	0.000000	67.767031	f
9.140000	71.028534	21.469368	0.000000	67.706122	f
9.150000	70.979372	21.492395	0.000000	67.647234	f
9.160000	70.930879	21.512044	0.000000	67.590100	f
9.170000	70.882735	21.528168	0.000000	67.534436	f
9.180000	70.834612	21.540642	0.000000	67.479945	f
9.190000	70.786180	21.549365	0.000000	67.426316	f
9.200000	70.737108	21.554265	0.000000	67.373230	f
9.210000	70.687066	21.555296	0.000000	67.320357	f
9.220000	70.635727	21.552439	0.000000	67.267364	f
9.230000	70.582772	21.545706	0.000000	67.213914	f
9.240000	70.527891	21.535138	0.000000	67.159669	f
9.250000	70.470785	21.520808	0.000000	67.104294	f
9.260000	70.411171	21.502818	0.000000	67.047459	f
9.270000	70.348781	21.481299	0.000000	66.988841	f
9.280000	70.283370	21.456413	0.000000	66.928128	f
9.290000	70.214711	21.428351	0.000000	66.865024	f
9.300000	70.142605	21.397332	0.000000	66.799246	f
9.310000	70.066878	21.363600	0.000000	66.730532	f
9.320000	69.987384	21.327425	0.000000	66.658644	f
9.330000	69.904007	21.289099	0.000000	66.583365	f
9.340000	69.816665	21.248936	0.000000	66.504507	f
9.350000	69.725306	21.207265	0.000000	66.421911	f
9.360000	69.629914	21.164433	0.000000	66.335448	f
9.370000	69.530505	21.120798	0.000000	66.245023	f
9.380000	69.427133	21.076727	0.000000	66.150573	f
9.390000	69.319883	21.032593	0.000000	66.052071	f
9.400000	69.208876	20.988771	0.000000	65.949526	f
9.410000	69.094267	20.945635	0.000000	65.842981	f
9.420000	68.976243	20.903554	0.000000	65.732515	f
9.430000	68.855021	20.862887	0.000000	65.618243	f
9.440000	68.730848	20.823984	0.000000	65.500314	f
9.450000	68.603998	20.787177	0.000000	65.378909	f
9.460000	68.474768	20.752781	0.000000	65.254241	f
9.470000	68.343480	20.721089	0.000000	65.126552	f
9.480000	68.210472	20.692369	0.000000	64.996110	f
9.490000	68.076099	20.666862	0.000000	64.863211	f
9.500000	67.940728	20.644780	0.000000	64.728167	f
9.510000	67.804735	20.626302	0.000000	64.591313	f
9.520000	67.668501	20.611576	0.000000	64.452998	f
9.530000	67.532409	20.600714	0.000000	64.313582	f
9.540000	67.396839	20.593794	0.000000	64.173434	f
9.550000	67.262166	20.590857	0.000000	64.032926	f
9.560000	67.128755	20.591910	0.000000	63.892433	f
9.570000	66.996958	20.596921	0.000000	63.752328	f
9.580000	66.867112	20.605826	0.000000	63.612975	f
9.590000	66.739532	20.618525	0.000000	63.474731	f
9.600000	66.614512	20.634886	0.000000	63.337940	f
9.610000	66.492322	20.654747	0.000000	63.202930	f
9.620000	66.373203	20.677913	0.000000	63.070009	f
9.630000	66.257368	20.704167	0.000000	62.939466	f
9.640000	66.144999	20.733262	0.000000	62.811565	f
9.650000	66.036243	20.764934	0.000000	62.686545	f
9.660000	65.931218	20.798896	0.000000	62.564618	f
9.670000	65.830004	20.834846	0.000000	62.445966	f
9.680000	65.732650	20.872469	0.000000	62.330741	f
9.690000	65.639168	20.911439	0.000000	62.219065	f
9.700000	65.549539	20.951422	0.000000	62.111029	f
9.710000	65.463710	20.992081	0.000000	62.006692	f
9.720000	65.381597	21.033078	0.000000	61.906081	f
9.730000	65.303084	21.074076	0.000000	61.809191	f
9.740000	65.228029	21.114741	0.000000	61.715990	f
9.750000	65.156261	21.154750	0.000000	61.626414	f
9.760000	65.087586	21.193785	0.000000	61.540371	f
9.770000	65.021786	21.231546	0.000000	61.457742	f
9.780000	64.958624	21.267741	0.000000	61.378384	f
9.790000	64.897845	21.302101	0.000000	61.302127	f
9.800000	64.839180	21.334370	0.000000	61.228784	f
9.810000	64.782348	21.364315	0.000000	61.158144	f
9.820000	64.727055	21.391723	0.000000	61.089982	f
9.830000	64.673004	21.416405	0.000000	61.024054	f
9.840000	64.619892	21.438193	0.000000	60.960105	f
9.850000	64.567413	21.456945	0.000000	60.897868	f
9.860000	64.515263	21.472544	0.000000	60.837069	f
9.870000	64.463140	21.484897	0.000000	60.777426	f
9.880000	64.410747	21.493937	0.000000	60.718654	f
9.890000	64.357794	21.499620	0.000000	60.660465	f
9.900000	64.304002	21.501929	0.000000	60.602572	f
9.910000	64.249100	21.500871	0.000000	60.544689	f
9.920000	64.192831	21.496475	0.000000	60.486537	f
9.930000	64.134952	21.488795	0.000000	60.427840	f
9.940000	64.075236	21.477904	0.000000	60.368332	f
9.950000	64.013470	21.463900	0.000000	60.307755	f
9.960000	63.949462	21.446898	0.000000	60.245865	f
9.970000	63.883036	21.427031	0.000000	60.182427	f
9.980000	63.814035	21.404452	0.000000	60.117223	f
9.990000	63.742322	21.379326	0.000000	60.050046	f
10.000000	63.667781	21.351837	0.000000	59.980709	f
10.010000	63.590315	21.322177	0.000000	59.909039	f
10.020000	63.509848	21.290554	0.000000	59.834882	f
10.030000	63.426323	21.257182	0.000000	59.758101	f
10.040000	63.339705	21.222284	0.000000	59.678579	f
10.050000	63.249978	21.186093	0.000000	59.596218	f
10.060000	63.157145	21.148843	0.000000	59.510936	f
10.070000	63.061231	21.110773	0.000000	59.422673	f
10.080000	62.962276	21.072125	0.000000	59.331389	f
10.090000	62.860341	21.033141	0.000000	59.237062	f
10.100000	62.755503	20.994062	0.000000	59.139686	f
10.110000	62.647856	20.955127	0.000000	59.039279	f
10.120000	62.537510	20.916571	0.000000	58.935873	f
10.130000	62.424589	20.878625	0.000000	58.829519	f
10.140000	62.309235	20.841514	0.000000	58.720286	f
10.150000	62.191597	20.805455	0.000000	58.608257	f
10.160000	62.071843	20.770657	0.000000	58.493533	f
10.170000	61.950146	20.737321	0.000000	58.376229	f
10.180000	61.826694	20.705635	0.000000	58.256474	f
10.190000	61.701681	20.675777	0.000000	58.134410	f
10.200000	61.575310	20.647915	0.000000	58.010193	f
10.210000	61.447792	20.622202	0.000000	57.883987	f
10.220000	61.319341	20.598778	0.000000	57.755969	f
10.230000	61.190178	20.577769	0.000000	57.626325	f
10.240000	61.060526	20.559286	0.000000	57.495248	f
10.250000	60.930610	20.543426	0.000000	57.362940	f
10.260000	60.800656	20.530269	0.000000	57.229607	f
10.270000	60.670892	20.519881	0.000000	57.095461	f
10.280000	60.541541	20.512310	0.000000	56.960717	f
10.290000	60.412826	20.507590	0.000000	56.825595	f
10.300000	60.284964	20.505737	0.000000	56.690314	f
10.310000	60.158170	20.506750	0.000000	56.555093	f
10.320000	60.032649	20.510614	0.000000	56.420153	f
10.330000	59.908602	20.517294	0.000000	56.285711	f
10.340000	59.786221	20.526744	0.000000	56.151981	f
10.350000	59.665686	20.538897	0.000000	56.019173	f
10.360000	59.547169	20.553674	0.000000	55.887492	f
10.370000	59.430830	20.570978	0.000000	55.757137	f
10.380000	59.316815	20.590700	0.000000	55.628299	f
10.390000	59.205259	20.612714	0.000000	55.501159	f
10.400000	59.096280	20.636884	0.000000	55.375892	f
10.410000	58.989983	20.663056	0.000000	55.252658	f
10.420000	58.886455	20.691068	0.000000	55.131608	f
10.430000	58.785767	20.720744	0.000000	55.012882	f
10.440000	58.687974	20.751900	0.000000	54.896603	f
10.450000	58.593112	20.784338	0.000000	54.782882	f
10.460000	58.501200	20.817856	0.000000	54.671814	f
10.470000	58.412236	20.852242	0.000000	54.563480	f
10.480000	58.326202	20.887278	0.000000	54.457943	f
10.490000	58.243060	20.922739	0.000000	54.355249	f
10.500000	58.162753	20.958399	0.000000	54.255427	f
10.510000	58.085206	20.994028	0.000000	54.158489	f
10.520000	58.010325	21.029394	0.000000	54.064428	f
10.530000	57.937997	21.064265	0.000000	53.973217	f
10.540000	57.868093	21.098412	0.000000	53.884814	f
10.550000	57.800466	21.131608	0.000000	53.799154	f
10.560000	57.734953	21.163630	0.000000	53.716157	f
10.570000	57.671376	21.194261	0.000000	53.635724	f
10.580000	57.609541	21.223294	0.000000	53.557735	f
10.590000	57.549244	21.250528	0.000000	53.482058	f
10.600000	57.490265	21.275774	0.000000	53.408539	f
10.610000	57.432377	21.298854	0.000000	53.337010	f
10.620000	57.375340	21.319606	0.000000	53.267289	f
10.630000	57.318911	21.337881	0.000000	53.199177	f
10.640000	57.262838	21.353545	0.000000	53.132463	f
10.650000	57.206864	21.366485	0.000000	53.066926	f
10.660000	57.150733	21.376604	0.000000	53.002331	f
10.670000	57.094187	21.383826	0.000000	52.938437	f
10.680000	57.036968	21.388095	0.000000	52.874995	f
10.690000	56.978824	21.389377	0.000000	52.811750	f
10.700000	56.919507	21.387659	0.000000	52.748444	f
10.710000	56.858778	21.382952	0.000000	52.684817	f
10.720000	56.796405	21.375290	0.000000	52.620610	f
10.730000	56.732170	21.364728	0.000000	52.555566	f
10.740000	56.665867	21.351346	0.000000	52.489432	f
10.750000	56.597305	21.335245	0.000000	52.421963	f
10.760000	56.526310	21.316550	0.000000	52.352922	f
10.770000	56.452728	21.295405	0.000000	52.282083	f
10.780000	56.376423	21.271978	0.000000	52.209233	f
10.790000	56.297281	21.246452	0.000000	52.134174	f
10.800000	56.215210	21.219032	0.000000	52.056724	f
10.810000	56.130144	21.189937	0.000000	51.976722	f
10.820000	56.042038	21.159401	0.000000	51.894024	f
10.830000	55.950874	21.127673	0.000000	51.808510	f
10.840000	55.856659	21.095010	0.000000	51.720082	f
10.850000	55.759425	21.061680	0.000000	51.628666	f
10.860000	55.659231	21.027956	0.000000	51.534212	f
10.870000	55.556159	20.994115	0.000000	51.436698	f
10.880000	55.450317	20.960438	0.000000	51.336125	f
10.890000	55.341838	20.927201	0.000000	51.232522	f
10.900000	55.230875	20.894679	0.000000	51.125942	f
10.910000	55.117605	20.863142	0.000000	51.016465	f
10.920000	55.002225	20.832849	0.000000	50.904196	f
10.930000	54.884949	20.804050	0.000000	50.789262	f
10.940000	54.766008	20.776980	0.000000	50.671814	f
10.950000	54.645650	20.751863	0.000000	50.552025	f
10.960000	54.524132	20.728900	0.000000	50.430088	f
10.970000	54.401724	20.708277	0.000000	50.306211	f
10.980000	54.278701	20.690157	0.000000	50.180622	f
10.990000	54.155346	20.674684	0.000000	50.053561	f
11.000000	54.031942	20.661974	0.000000	49.925280	f
11.010000	53.908772	20.652122	0.000000	49.796040	f
11.020000	53.786120	20.645197	0.000000	49.666110	f
11.030000	53.664259	20.641243	0.000000	49.535763	f
11.040000	53.543459	20.640276	0.000000	49.405273	f
11.050000	53.423977	20.642290	0.000000	49.274915	f
11.060000	53.306059	20.647250	0.000000	49.144959	f
11.070000	53.189936	20.655098	0.000000	49.015673	f
11.080000	53.075821	20.665752	0.000000	48.887314	f
11.090000	52.963910	20.679107	0.000000	48.760130	f
11.100000	52.854377	20.695034	0.000000	48.634358	f
11.110000	52.747377	20.713385	0.000000	48.510220	f
11.120000	52.643039	20.733995	0.000000	48.387922	f
11.130000	52.541471	20.756678	0.000000	48.267655	f
11.140000	52.442755	20.781234	0.000000	48.149588	f
11.150000	52.346948	20.807452	0.000000	48.033872	f
11.160000	52.254082	20.835105	0.000000	47.920637	f
11.170000	52.164165	20.863960	0.000000	47.809992	f
11.180000	52.077179	20.893775	0.000000	47.702021	f
11.190000	51.993083	20.924304	0.000000	47.596788	f
11.200000	51.911812	20.955298	0.000000	47.494333	f
11.210000	51.833277	20.986506	0.000000	47.394674	f
11.220000	51.757370	21.017680	0.000000	47.297806	f
11.230000	51.683962	21.048572	0.000000	47.203703	f
11.240000	51.612906	21.078944	0.000000	47.112315	f
11.250000	51.544037	21.108560	0.000000	47.023573	f
11.260000	51.477175	21.137197	0.000000	46.937389	f
11.270000	51.412128	21.164639	0.000000	46.853654	f
11.280000	51.348690	21.190684	0.000000	46.772245	f
11.290000	51.286649	21.215143	0.000000	46.693019	f
11.300000	51.225781	21.237840	0.000000	46.615821	f
11.310000	51.165859	21.258617	0.000000	46.540480	f
11.320000	51.106652	21.277329	0.000000	46.466817	f
11.330000	51.047926	21.293852	0.000000	46.394639	f
11.340000	50.989447	21.308078	0.000000	46.323747	f
11.350000	50.930985	21.319916	0.000000	46.253934	f
11.360000	50.872310	21.329296	0.000000	46.184988	f
11.370000	50.813200	21.336165	0.000000	46.116693	f
11.380000	50.753438	21.340490	0.000000	46.048833	f
11.390000	50.692816	21.342256	0.000000	45.981189	f
11.400000	50.631134	21.341466	0.000000	45.913544	f
11.410000	50.568203	21.338142	0.000000	45.845685	f
11.420000	50.503848	21.332324	0.000000	45.777403	f
11.430000	50.437903	21.324067	0.000000	45.708492	f
11.440000	50.370219	21.313443	0.000000	45.638757	f
11.450000	50.300660	21.300540	0.000000	45.568008	f
11.460000	50.229103	21.285460	0.000000	45.496065	f
11.470000	50.155443	21.268320	0.000000	45.422760	f
11.480000	50.079591	21.249247	0.000000	45.347932	f
11.490000	50.001472	21.228381	0.000000	45.271437	f
11.500000	49.921029	21.205873	0.000000	45.193142	f
11.510000	49.838220	21.181883	0.000000	45.112926	f
11.520000	49.753022	21.156577	0.000000	45.030683	f
11.530000	49.665424	21.130130	0.000000	44.946323	f
11.540000	49.575435	21.102722	0.000000	44.859769	f
11.550000	49.483077	21.074537	0.000000	44.770960	f
11.560000	49.388390	21.045763	0.000000	44.679849	f
11.570000	49.291426	21.016589	0.000000	44.586407	f
11.580000	49.192253	20.987205	0.000000	44.490617	f
11.590000	49.090952	20.957800	0.000000	44.392479	f
11.600000	48.987618	20.928563	0.000000	44.292008	f
11.610000	48.882357	20.899678	0.000000	44.189233	f
11.620000	48.775288	20.871328	0.000000	44.084197	f
11.630000	48.666541	20.843688	0.000000	43.976959	f
11.640000	48.556254	20.816929	0.000000	43.867588	f
11.650000	48.444576	20.791214	0.000000	43.756169	f
11.660000	48.331662	20.766701	0.000000	43.642797	f
11.670000	48.217677	20.743536	0.000000	43.527579	f
11.680000	48.102790	20.721857	0.000000	43.410633	f
11.690000	47.987175	20.701792	0.000000	43.292087	f
11.700000	47.871011	20.683459	0.000000	43.172077	f
11.710000	47.754481	20.666964	0.000000	43.050750	f
11.720000	47.637767	20.652400	0.000000	42.928256	f
11.730000	47.521053	20.639849	0.000000	42.804756	f
11.740000	47.404526	20.629381	0.000000	42.680413	f
11.750000	47.288366	20.621051	0.000000	42.555397	f
11.760000	47.172755	20.614901	0.000000	42.429879	f
11.770000	47.057870	20.610961	0.000000	42.304035	f
11.780000	46.943883	20.609246	0.000000	42.178041	f
11.790000	46.830961	20.609757	0.000000	42.052073	f
11.800000	46.719264	20.612482	0.000000	41.926307	f
11.810000	46.608946	20.617395	0.000000	41.800919	f
11.820000	46.500149	20.624457	0.000000	41.676080	f
11.830000	46.393009	20.633616	0.000000	41.551958	f
11.840000	46.287650	20.644805	0.000000	41.428717	f
11.850000	46.184185	20.657948	0.000000	41.306515	f
11.860000	46.082716	20.672952	0.000000	41.185504	f
11.870000	45.983330	20.689717	0.000000	41.065828	f
11.880000	45.886103	20.708129	0.000000	40.947623	f
11.890000	45.791096	20.728064	0.000000	40.831015	f
11.900000	45.698356	20.749390	0.000000	40.716122	f
11.910000	45.607916	20.771962	0.000000	40.603049	f
11.920000	45.519793	20.795631	0.000000	40.491891	f
11.930000	45.433988	20.820239	0.000000	40.382731	f
11.940000	45.350489	20.845620	0.000000	40.275637	f
11.950000	45.269266	20.871604	0.000000	40.170668	f
11.960000	45.190275	20.898018	0.000000	40.067864	f
11.970000	45.113456	20.924683	0.000000	39.967256	f
11.980000	45.038736	20.951418	0.000000	39.868857	f
11.990000	44.966024	20.978042	0.000000	39.772667	f
12.000000	44.895219	21.004375	0.000000	39.678671	f
12.010000	44.826204	21.030235	0.000000	39.586839	f
12.020000	44.758850	21.055445	0.000000	39.497125	f
12.030000	44.693016	21.079831	0.000000	39.409471	f
12.040000	44.628550	21.103223	0.000000	39.323802	f
12.050000	44.565289	21.125459	0.000000	39.240031	f
12.060000	44.503064	21.146382	0.000000	39.158054	f
12.070000	44.441695	21.165846	0.000000	39.077759	f
12.080000	44.380997	21.183712	0.000000	38.999016	f
12.090000	44.320780	21.199853	0.000000	38.921688	f
12.100000	44.260849	21.214154	0.000000	38.845623	f
12.110000	44.201009	21.226512	0.000000	38.770663	f
12.120000	44.141060	21.236838	0.000000	38.696639	f
12.130000	44.080807	21.245058	0.000000	38.623374	f
12.140000	44.020053	21.251112	0.000000	38.550685	f
12.150000	43.958608	21.254956	0.000000	38.478385	f
12.160000	43.896286	21.256564	0.000000	38.406280	f
12.170000	43.832905	21.255925	0.000000	38.334178	f
12.180000	43.768295	21.253045	0.000000	38.261883	f
12.190000	43.702292	21.247948	0.000000	38.189200	f
12.200000	43.634745	21.240675	0.000000	38.115937	f
12.210000	43.565514	21.231284	0.000000	38.041906	f
12.220000	43.494473	21.219849	0.000000	37.966922	f
12.230000	43.421509	21.206461	0.000000	37.890809	f
12.240000	43.346526	21.191226	0.000000	37.813400	f
12.250000	43.269443	21.174267	0.000000	37.734535	f
12.260000	43.190196	21.155717	0.000000	37.654066	f
12.270000	43.108741	21.135726	0.000000	37.571859	f
12.280000	43.025049	21.114455	0.000000	37.487793	f
12.290000	42.939111	21.092073	0.000000	37.401761	f
12.300000	42.850937	21.068763	0.000000	37.313671	f
12.310000	42.760556	21.044711	0.000000	37.223451	f
12.320000	42.668013	21.020112	0.000000	37.131042	f
12.330000	42.573375	20.995165	0.000000	37.036406	f
12.340000	42.476725	20.970071	0.000000	36.939522	f
12.350000	42.378163	20.945035	0.000000	36.840388	f
12.360000	42.277806	20.920257	0.000000	36.739021	f
12.370000	42.175785	20.895939	0.000000	36.635455	f
12.380000	42.072248	20.872276	0.000000	36.529743	f
12.390000	41.967355	20.849459	0.000000	36.421957	f
12.400000	41.861277	20.827670	0.000000	36.312184	f
12.410000	41.754197	20.807083	0.000000	36.200528	f
12.420000	41.646304	20.787861	0.000000	36.087110	f
12.430000	41.537797	20.770155	0.000000	35.972062	f
12.440000	41.428880	20.754105	0.000000	35.855533	f
12.450000	41.319760	20.739832	0.000000	35.737682	f
12.460000	41.210644	20.727447	0.000000	35.618676	f
12.470000	41.101742	20.717040	0.000000	35.498696	f
12.480000	40.993260	20.708687	0.000000	35.377925	f
12.490000	40.885401	20.702446	0.000000	35.256555	f
12.500000	40.778362	20.698357	0.000000	35.134781	f
12.510000	40.672334	20.696440	0.000000	35.012800	f
12.520000	40.567497	20.696700	0.000000	34.890808	f
12.530000	40.464023	20.699121	0.000000	34.769002	f
12.540000	40.362068	20.703672	0.000000	34.647576	f
12.550000	40.261779	20.710303	0.000000	34.526717	f
12.560000	40.163286	20.718947	0.000000	34.406609	f
12.570000	40.066703	20.729523	0.000000	34.287426	f
12.580000	39.972130	20.741932	0.000000	34.169335	f
12.590000	39.879648	20.756064	0.000000	34.052491	f
12.600000	39.789319	20.771793	0.000000	33.937038	f
12.610000	39.701190	20.788984	0.000000	33.823108	f
12.620000	39.615286	20.807489	0.000000	33.710819	f
12.630000	39.531617	20.827152	0.000000	33.600275	f
12.640000	39.450173	20.847810	0.000000	33.491566	f
12.650000	39.370925	20.869291	0.000000	33.384763	f
12.660000	39.293829	20.891422	0.000000	33.279926	f
12.670000	39.218823	20.914023	0.000000	33.177096	f
12.680000	39.145828	20.936914	0.000000	33.076298	f
12.690000	39.074751	20.959914	0.000000	32.977541	f
12.700000	39.005486	20.982844	0.000000	32.880818	f
12.710000	38.937910	21.005525	0.000000	32.786107	f
12.720000	38.871894	21.027785	0.000000	32.693369	f
12.730000	38.807292	21.049455	0.000000	32.602552	f
12.740000	38.743955	21.070372	0.000000	32.513589	f
12.750000	38.681722	21.090382	0.000000	32.426400	f
12.760000	38.620428	21.109338	0.000000	32.340892	f
12.770000	38.559902	21.127105	0.000000	32.256960	f
12.780000	38.499969	21.143555	0.000000	32.174489	f
12.790000	38.440455	21.158574	0.000000	32.093353	f
12.800000	38.381182	21.172059	0.000000	32.013420	f
12.810000	38.321974	21.183918	0.000000	31.934547	f
12.820000	38.262659	21.194075	0.000000	31.856589	f
12.830000	38.203066	21.202465	0.000000	31.779391	f
12.840000	38.143030	21.209038	0.000000	31.702799	f
12.850000	38.082391	21.213756	0.000000	31.626652	f
12.860000	38.020998	21.216596	0.000000	31.550790	f
12.870000	37.958705	21.217549	0.000000	31.475052	f
12.880000	37.895376	21.216619	0.000000	31.399277	f
12.890000	37.830887	21.213825	0.000000	31.323308	f
12.900000	37.765120	21.209196	0.000000	31.246989	f
12.910000	37.697973	21.202776	0.000000	31.170169	f
12.920000	37.629351	21.194621	0.000000	31.092702	f
12.930000	37.559175	21.184798	0.000000	31.014447	f
12.940000	37.487375	21.173386	0.000000	30.935272	f
12.950000	37.413897	21.160472	0.000000	30.855050	f
12.960000	37.338698	21.146156	0.000000	30.773665	f
12.970000	37.261748	21.130543	0.000000	30.691009	f
12.980000	37.183031	21.113748	0.000000	30.606983	f
12.990000	37.102544	21.095894	0.000000	30.521501	f
13.000000	37.020296	21.077109	0.000000	30.434483	f
13.010000	36.936309	21.057525	0.000000	30.345866	f
13.020000	36.850617	21.037279	0.000000	30.255593	f
13.030000	36.763269	21.016514	0.000000	30.163622	f
13.040000	36.674320	20.995371	0.000000	30.069921	f
13.050000	36.583842	20.973996	0.000000	29.974472	f
13.060000	36.491913	20.952532	0.000000	29.877268	f
13.070000	36.398624	20.931125	0.000000	29.778311	f
13.080000	36.304073	20.909918	0.000000	29.677619	f
13.090000	36.208369	20.889051	0.000000	29.575219	f
13.100000	36.111628	20.868661	0.000000	29.471149	f
13.110000	36.013971	20.848883	0.000000	29.365459	f
13.120000	35.915527	20.829843	0.000000	29.258208	f
13.130000	35.816433	20.811665	0.000000	29.149467	f
13.140000	35.716825	20.794466	0.000000	29.039314	f
13.150000	35.616847	20.778354	0.000000	28.927838	f
13.160000	35.516645	20.763431	0.000000	28.815134	f
13.170000	35.416364	20.749790	0.000000	28.701307	f
13.180000	35.316153	20.737516	0.000000	28.586467	f
13.190000	35.216160	20.726683	0.000000	28.470731	f
13.200000	35.116531	20.717356	0.000000	28.354221	f
13.210000	35.017410	20.709591	0.000000	28.237065	f
13.220000	34.918938	20.703432	0.000000	28.119391	f
13.230000	34.821254	20.698912	0.000000	28.001335	f
13.240000	34.724489	20.696055	0.000000	27.883032	f
13.250000	34.628771	20.694873	0.000000	27.764618	f
13.260000	34.534218	20.695365	0.000000	27.646231	f
13.270000	34.440944	20.697523	0.000000	27.528007	f
13.280000	34.349053	20.701324	0.000000	27.410082	f
13.290000	34.258640	20.706737	0.000000	27.292589	f
13.300000	34.169790	20.713719	0.000000	27.175658	f
13.310000	34.082579	20.722216	0.000000	27.059415	f
13.320000	33.997072	20.732166	0.000000	26.943982	f
13.330000	33.913320	20.743496	0.000000	26.829474	f
13.340000	33.831367	20.756123	0.000000	26.716001	f
13.350000	33.751239	20.769957	0.000000	26.603665	f
13.360000	33.672955	20.784899	0.000000	26.492563	f
13.370000	33.596519	20.800842	0.000000	26.382779	f
13.380000	33.521921	20.817674	0.000000	26.274392	f
13.390000	33.449142	20.835274	0.000000	26.167470	f
13.400000	33.378147	20.853517	0.000000	26.062070	f
13.410000	33.308891	20.872275	0.000000	25.958242	f
13.420000	33.241316	20.891414	0.000000	25.856022	f
13.430000	33.175352	20.910799	0.000000	25.755435	f
13.440000	33.110918	20.930291	0.000000	25.656496	f
13.450000	33.047924	20.949753	0.000000	25.559208	f
13.460000	32.986267	20.969044	0.000000	25.463562	f
13.470000	32.925837	20.988027	0.000000	25.369539	f
13.480000	32.866515	21.006566	0.000000	25.277105	f
13.490000	32.808174	21.024528	0.000000	25.186217	f
13.500000	32.750681	21.041783	0.000000	25.096822	f
13.510000	32.693897	21.058208	0.000000	25.008853	f
13.520000	32.637677	21.073684	0.000000	24.922235	f
13.530000	32.581874	21.088098	0.000000	24.836881	f
13.540000	32.526339	21.101346	0.000000	24.752696	f
13.550000	32.470921	21.113332	0.000000	24.669575	f
13.560000	32.415468	21.123969	0.000000	24.587406	f
13.570000	32.359831	21.133179	0.000000	24.506070	f
13.580000	32.303862	21.140896	0.000000	24.425438	f
13.590000	32.247417	21.147064	0.000000	24.345381	f
13.600000	32.190355	21.151640	0.000000	24.265760	f
13.610000	32.132544	21.154591	0.000000	24.186436	f
13.620000	32.073856	21.155898	0.000000	24.107265	f
13.630000	32.014172	21.155554	0.000000	24.028103	f
13.640000	31.953382	21.153564	0.000000	23.948807	f
13.650000	31.891385	21.149947	0.000000	23.869230	f
13.660000	31.828092	21.144735	0.000000	23.789233	f
13.670000	31.763424	21.137970	0.000000	23.708676	f
13.680000	31.697315	21.129710	0.000000	23.627423	f
13.690000	31.629712	21.120021	0.000000	23.545347	f
13.700000	31.560575	21.108984	0.000000	23.462324	f
13.710000	31.489876	21.096688	0.000000	23.378239	f
13.720000	31.417604	21.083233	0.000000	23.292985	f
13.730000	31.343759	21.068728	0.000000	23.206463	f
13.740000	31.268358	21.053292	0.000000	23.118587	f
13.750000	31.191429	21.037050	0.000000	23.029281	f
13.760000	31.113017	21.020134	0.000000	22.938478	f
13.770000	31.033177	21.002680	0.000000	22.846127	f
13.780000	30.951980	20.984830	0.000000	22.752186	f
13.790000	30.869509	20.966729	0.000000	22.656630	f
13.800000	30.785858	20.948522	0.000000	22.559443	f
13.810000	30.701133	20.930356	0.000000	22.460626	f
13.820000	30.615449	20.912378	0.000000	22.360191	f
13.830000	30.528932	20.894732	0.000000	22.258164	f
13.840000	30.441715	20.877559	0.000000	22.154583	f
13.850000	30.353939	20.860996	0.000000	22.049501	f
13.860000	30.265751	20.845174	0.000000	21.942981	f
13.870000	30.177301	20.830218	0.000000	21.835098	f
13.880000	30.088743	20.816245	0.000000	21.725938	f
13.890000	30.000235	20.803365	0.000000	21.615599	f
13.900000	29.911933	20.791676	0.000000	21.504184	f
13.910000	29.823993	20.781268	0.000000	21.391809	f
13.920000	29.736570	20.772218	0.000000	21.278594	f
13.930000	29.649814	20.764593	0.000000	21.164668	f
13.940000	29.563871	20.758449	0.000000	21.050162	f
13.950000	29.478881	20.753826	0.000000	20.935213	f
13.960000	29.394976	20.750754	0.000000	20.819962	f
13.970000	29.312279	20.749250	0.000000	20.704548	f
13.980000	29.230905	20.749318	0.000000	20.589114	f
13.990000	29.150958	20.750948	0.000000	20.473800	f
14.000000	29.072530	20.754119	0.000000	20.358746	f
14.010000	28.995702	20.758797	0.000000	20.244087	f
14.020000	28.920540	20.764936	0.000000	20.129955	f
14.030000	28.847100	20.772479	0.000000	20.016476	f
14.040000	28.775421	20.781356	0.000000	19.903770	f
14.050000	28.705529	20.791490	0.000000	19.791951	f
14.060000	28.637438	20.802793	0.000000	19.681124	f
14.070000	28.571146	20.815169	0.000000	19.571386	f
14.080000	28.506637	20.828512	0.000000	19.462823	f
14.090000	28.443883	20.842711	0.000000	19.355513	f
14.100000	28.382841	20.857651	0.000000	19.249521	f
14.110000	28.323456	20.873208	0.000000	19.144904	f
14.120000	28.265662	20.889257	0.000000	19.041706	f
14.130000	28.209380	20.905670	0.000000	18.939959	f
14.140000	28.154521	20.922317	0.000000	18.839685	f
14.150000	28.100988	20.939065	0.000000	18.740893	f
14.160000	28.048673	20.955785	0.000000	18.643581	f
14.170000	27.997462	20.972348	0.000000	18.547736	f
14.180000	27.947235	20.988626	0.000000	18.453333	f
14.190000	27.897863	21.004496	0.000000	18.360336	f
14.200000	27.849219	21.019838	0.000000	18.268700	f
14.210000	27.801166	21.034538	0.000000	18.178368	f
14.220000	27.753571	21.048487	0.000000	18.089275	f
14.230000	27.706296	21.061584	0.000000	18.001347	f
14.240000	27.659205	21.073734	0.000000	17.914502	f
14.250000	27.612165	21.084850	0.000000	17.828649	f
14.260000	27.565042	21.094855	0.000000	17.743692	f
14.270000	27.517707	21.103678	0.000000	17.659530	f
14.280000	27.470038	21.111261	0.000000	17.576054	f
14.290000	27.421915	21.117553	0.000000	17.493153	f
14.300000	27.373225	21.122514	0.000000	17.410712	f
14.310000	27.323864	21.126114	0.000000	17.328613	f
14.320000	27.273732	21.128333	0.000000	17.246739	f
14.330000	27.222742	21.129163	0.000000	17.164969	f
14.340000	27.170813	21.128603	0.000000	17.083184	f
14.350000	27.117873	21.126665	0.000000	17.001266	f
14.360000	27.063862	21.123370	0.000000	16.919098	f
14.370000	27.008730	21.118749	0.000000	16.836566	f
14.380000	26.952436	21.112840	0.000000	16.753561	f
14.390000	26.894951	21.105693	0.000000	16.669977	f
14.400000	26.836256	21.097365	0.000000	16.585712	f
14.410000	26.776344	21.087922	0.000000	16.500670	f
14.420000	26.715217	21.077437	0.000000	16.414764	f
14.430000	26.652890	21.065989	0.000000	16.327910	f
14.440000	26.589387	21.053665	0.000000	16.240033	f
14.450000	26.524743	21.040557	0.000000	16.151066	f
14.460000	26.459002	21.026761	0.000000	16.060949	f
14.470000	26.392219	21.012378	0.000000	15.969633	f
14.480000	26.324457	20.997513	0.000000	15.877075	f
14.490000	26.255790	20.982274	0.000000	15.783241	f
14.500000	26.186297	20.966769	0.000000	15.688109	f
14.510000	26.116067	20.951109	0.000000	15.591664	f
14.520000	26.045194	20.935406	0.000000	15.493900	f
14.530000	25.973781	20.919769	0.000000	15.394822	f
14.540000	25.901934	20.904310	0.000000	15.294443	f
14.550000	25.829764	20.889137	0.000000	15.192784	f
14.560000	25.757388	20.874353	0.000000	15.089878	f
14.570000	25.684925	20.860063	0.000000	14.985764	f
14.580000	25.612494	20.846365	0.000000	14.880489	f
14.590000	25.540220	20.833352	0.000000	14.774110	f
14.600000	25.468226	20.821113	0.000000	14.666689	f
14.610000	25.396633	20.809732	0.000000	14.558298	f
14.620000	25.325565	20.799286	0.000000	14.449013	f
14.630000	25.255141	20.789844	0.000000	14.338916	f
14.640000	25.185477	20.781470	0.000000	14.228097	f
14.650000	25.116686	20.774219	0.000000	14.116648	f
14.660000	25.048877	20.768137	0.000000	14.004667	f
14.670000	24.982152	20.763266	0.000000	13.892255	f
14.680000	24.916609	20.759634	0.000000	13.779514	f
14.690000	24.852336	20.757263	0.000000	13.666551	f
14.700000	24.789415	20.756167	0.000000	13.553473	f
14.710000	24.727920	20.756349	0.000000	13.440388	f
14.720000	24.667916	20.757804	0.000000	13.327403	f
14.730000	24.609458	20.760518	0.000000	13.214626	f
14.740000	24.552591	20.764467	0.000000	13.102161	f
14.750000	24.497350	20.769621	0.000000	12.990111	f
14.760000	24.443760	20.775939	0.000000	12.878578	f
14.770000	24.391835	20.783372	0.000000	12.767657	f
14.780000	24.341578	20.791864	0.000000	12.657440	f
14.790000	24.292979	20.801351	0.000000	12.548014	f
14.800000	24.246022	20.811761	0.000000	12.439460	f
14.810000	24.200674	20.823016	0.000000	12.331854	f
14.820000	24.156897	20.835033	0.000000	12.225264	f
14.830000	24.114640	20.847721	0.000000	12.119751	f
14.840000	24.073841	20.860986	0.000000	12.015369	f
14.850000	24.034431	20.874729	0.000000	11.912161	f
14.860000	23.996331	20.888847	0.000000	11.810165	f
14.870000	23.959455	20.903235	0.000000	11.709408	f
14.880000	23.923706	20.917785	0.000000	11.609909	f
14.890000	23.888984	20.932387	0.000000	11.511677	f
14.900000	23.855182	20.946934	0.000000	11.414713	f
14.910000	23.822186	20.961314	0.000000	11.319005	f
14.920000	23.789881	20.975420	0.000000	11.224536	f
14.930000	23.758147	20.989145	0.000000	11.131277	f
14.940000	23.726861	21.002386	0.000000	11.039190	f
14.950000	23.695900	21.015042	0.000000	10.948229	f
14.960000	23.665142	21.027016	0.000000	10.858339	f
14.970000	23.634463	21.038219	0.000000	10.769456	f
14.980000	23.603743	21.048564	0.000000	10.681509	f
14.990000	23.572865	21.057974	0.000000	10.594420	f
15.000000	23.541715	21.066375	0.000000	10.508102	f
15.010000	23.510184	21.073703	0.000000	10.422464	f
15.020000	23.478169	21.079904	0.000000	10.337410	f
15.030000	23.445573	21.084929	0.000000	10.252837	f
15.040000	23.412309	21.088741	0.000000	10.168639	f
15.050000	23.378297	21.091311	0.000000	10.084709	f
15.060000	23.343464	21.092620	0.000000	10.000933	f
15.070000	23.307749	21.092660	0.000000	9.917201	f
15.080000	23.271102	21.091431	0.000000	9.833398	f
15.090000	23.233481	21.088945	0.000000	9.749413	f
15.100000	23.194858	21.085223	0.000000	9.665134	f
15.110000	23.155214	21.080297	0.000000	9.580451	f
15.120000	23.114544	21.074208	0.000000	9.495258	f
15.130000	23.072853	21.067005	0.000000	9.409455	f
15.140000	23.030159	21.058750	0.000000	9.322943	f
15.150000	22.986491	21.049510	0.000000	9.235631	f
15.160000	22.941889	21.039361	0.000000	9.147435	f
15.170000	22.896406	21.028386	0.000000	9.058277	f
15.180000	22.850104	21.016676	0.000000	8.968086	f
15.190000	22.803056	21.004327	0.000000	8.876802	f
15.200000	22.755346	20.991441	0.000000	8.784371	f
15.210000	22.707065	20.978123	0.000000	8.690752	f
15.220000	22.658314	20.964482	0.000000	8.595910	f
15.230000	22.609200	20.950631	0.000000	8.499823	f
15.240000	22.559838	20.936682	0.000000	8.402478	f
15.250000	22.510348	20.922750	0.000000	8.303872	f
15.260000	22.460854	20.908949	0.000000	8.204013	f
15.270000	22.411484	20.895390	0.000000	8.102919	f
15.280000	22.362368	20.882184	0.000000	8.000619	f
15.290000	22.313638	20.869438	0.000000	7.897151	f
15.300000	22.265425	20.857256	0.000000	7.792562	f
15.310000	22.217858	20.845734	0.000000	7.686909	f
15.320000	22.171065	20.834966	0.000000	7.580259	f
15.330000	22.125170	20.825037	0.000000	7.472683	f
15.340000	22.080293	20.816026	0.000000	7.364263	f
15.350000	22.036546	20.808005	0.000000	7.255086	f
15.360000	21.994036	20.801035	0.000000	7.145246	f
15.370000	21.952861	20.795171	0.000000	7.034842	f
15.380000	21.913112	20.790456	0.000000	6.923975	f
15.390000	21.874869	20.786926	0.000000	6.812752	f
15.400000	21.838201	20.784607	0.000000	6.701281	f
15.410000	21.803169	20.783512	0.000000	6.589672	f
15.420000	21.769818	20.783648	0.000000	6.478037	f
15.430000	21.738186	20.785009	0.000000	6.366486	f
15.440000	21.708296	20.787581	0.000000	6.255127	f
15.450000	21.680160	20.791339	0.000000	6.144068	f
15.460000	21.653777	20.796250	0.000000	6.033413	f
15.470000	21.629134	20.802269	0.000000	5.923263	f
15.480000	21.606207	20.809347	0.000000	5.813713	f
15.490000	21.584959	20.817423	0.000000	5.704854	f
15.500000	21.565342	20.826429	0.000000	5.596772	f
15.510000	21.547298	20.836290	0.000000	5.489542	f
15.520000	21.530760	20.846927	0.000000	5.383238	f
15.530000	21.515648	20.858252	0.000000	5.277920	f
15.540000	21.501878	20.870173	0.000000	5.173646	f
15.550000	21.489355	20.882596	0.000000	5.070460	f
15.560000	21.477979	20.895419	0.000000	4.968402	f
15.570000	21.467644	20.908543	0.000000	4.867499	f
15.580000	21.458238	20.921863	0.000000	4.767770	f
15.590000	21.449648	20.935274	0.000000	4.669227	f
15.600000	21.441756	20.948673	0.000000	4.571870	f
15.610000	21.434442	20.961954	0.000000	4.475691	f
15.620000	21.427589	20.975015	0.000000	4.380673	f
15.630000	21.421076	20.987757	0.000000	4.286789	f
15.640000	21.414786	21.000081	0.000000	4.194005	f
15.650000	21.408605	21.011894	0.000000	4.102278	f
15.660000	21.402421	21.023106	0.000000	4.011558	f
15.670000	21.396126	21.033635	0.000000	3.921786	f
15.680000	21.389618	21.043399	0.000000	3.832898	f
15.690000	21.382802	21.052329	0.000000	3.744821	f
15.700000	21.375588	21.060357	0.000000	3.657479	f
15.710000	21.367895	21.067425	0.000000	3.570790	f
15.720000	21.359647	21.073481	0.000000	3.484666	f
15.730000	21.350779	21.078483	0.000000	3.399018	f
15.740000	21.341235	21.082395	0.000000	3.313751	f
15.750000	21.330967	21.085189	0.000000	3.228769	f
15.760000	21.319937	21.086848	0.000000	3.143975	f
15.770000	21.308118	21.087361	0.000000	3.059269	f
15.780000	21.295492	21.086726	0.000000	2.974552	f
15.790000	21.282050	21.084951	0.000000	2.889726	f
15.800000	21.267795	21.082050	0.000000	2.804693	f
15.810000	21.252740	21.078046	0.000000	2.719358	f
15.820000	21.236906	21.072973	0.000000	2.633627	f
15.830000	21.220325	21.066867	0.000000	2.547410	f
15.840000	21.203039	21.059777	0.000000	2.460622	f
15.850000	21.185098	21.051755	0.000000	2.373182	f
15.860000	21.166562	21.042863	0.000000	2.285011	f
15.870000	21.147497	21.033165	0.000000	2.196039	f
15.880000	21.127979	21.022735	0.000000	2.106202	f
15.890000	21.108090	21.011650	0.000000	2.015440	f
15.900000	21.087918	20.999992	0.000000	1.923701	f
15.910000	21.067559	20.987846	0.000000	1.830941	f
15.920000	21.047111	20.975302	0.000000	1.737123	f
15.930000	21.026679	20.962451	0.000000	1.642217	f
15.940000	21.006370	20.949388	0.000000	1.546201	f
15.950000	20.986295	20.936208	0.000000	1.449061	f
15.960000	20.966566	20.923008	0.000000	1.350793	f
15.970000	20.947297	20.909884	0.000000	1.251399	f
15.980000	20.928599	20.896931	0.000000	1.150890	f
15.990000	20.910586	20.884244	0.000000	1.049284	f
16.000000	20.893370	20.871915	0.000000	0.946608	f
16.010000	20.877058	20.860035	0.000000	0.842897	f
16.020000	20.861754	20.848690	0.000000	0.738192	f
16.030000	20.847561	20.837963	0.000000	0.632543	f
16.040000	20.834573	20.827932	0.000000	0.526006	f
16.050000	20.822881	20.818672	0.000000	0.418643	f
16.060000	20.812566	20.810250	0.000000	0.310523	f
16.070000	20.803705	20.802727	0.000000	0.201719	f
16.080000	20.796366	20.796161	0.000000	0.092311	f
16.090000	20.790606	20.790599	0.000000	-0.017617	f
16.100000	20.786477	20.786083	0.000000	-0.127978	f
